  46  59  98 179 123  70  54  68 113 166 176 172 159  95  17  15
  48  85 131  62  33  28  25  24  22  40 111 161  74  56 101 132
  47 110  54  33  30  28  26  23  22  19  21  75 154 164 161 157
  60  73  40  40  67  90  95  68  41  20  17  15  79 165 161 157
 116 121 148 179 193 193 191 185 157  65  16  16  31 163 161 156
 169 204 203 200 198 195 191 188 185 162  32  16  35 164 161 155
 207 207 203 199 187 189 191 188 184 178  95  16  55 163 160 157
 210 207 157  80  47  52 123 188 184 177 137  15  84 165 162 152
 198 103  41  33  29  28  38 180 184 175 140  14  99 102  57  27
  84  39  36  33  29  27  42 184 183 154 148  15  98  65   9   9
  42  37  34  31  28  29  89 185 182 132 132  14  72  84   9   8
  43  37  34  32  28  34 163 184 175 135  92  13  31 132  12   7
  57  56  35  31  30 125 189 184 143 168  58  13  12  82 106  24
 183 191  76  34 118 190 187 173 137 170  35  12  11  12  57 108
 205 204 138 145 192 190 183  92 163 131  40  13  11  44  45  16
 190 204 199 199 193 190 119  44 152  67 107  14  10  12  52 106
  46  57  96 179 121  68  53  64 112 168 177 173 161  97  17  13
  47  84 130  60  32  30  27  25  22  37 113 165  72  55 101 133
  46 109  51  33  31  28  27  25  22  21  20  71 157 165 162 159
  58  72  40  42  67  88  92  65  40  20  17  17  80 167 163 159
 114 120 146 178 192 193 191 186 158  65  17  17  34 164 163 159
 168 203 202 199 196 194 191 188 185 164  32  17  37 165 162 158
 206 206 202 198 186 189 191 188 185 180  96  17  57 165 161 160
 209 206 149  76  42  48 120 187 184 178 139  19  88 166 164 154
 196  97  37  32  30  27  37 181 184 175 143  17 102 103  54  24
  79  38  35  32  30  27  42 183 182 154 150  15 100  66  10  10
  40  36  33  32  29  28  89 185 182 133 134  15  72  84   9   8
  41  37  33  31  28  36 162 185 176 137  93  13  31 134  14   9
  56  56  35  32  32 125 188 184 144 169  59  14  12  79 108  25
 186 192  82  36 118 190 187 173 138 172  37  13  12  11  52 104
 203 203 139 147 192 189 184  88 163 130  40  14  12  44  45  18
 187 203 199 198 193 188 115  42 153  61 110  17  13  12  47 103
  51  61 102 184 128  75  58  72 117 174 181 177 166 103  21  15
  50  89 136  67  37  31  29  24  26  41 120 169  73  51  99 135
  49 113  55  38  34  33  30  28  25  22  25  80 162 169 167 164
  63  77  41  44  68  86  90  62  40  21  21  19  87 171 167 164
 116 117 143 177 192 195 194 188 156  62  20  17  36 167 167 164
 170 206 204 201 199 196 194 191 188 167  33  21  40 169 167 162
 208 207 205 202 189 192 194 191 188 184  99  19  63 171 167 164
 211 208 155  82  45  52 128 191 188 184 144  19  90 171 168 159
 200 103  42  37  34  31  40 185 187 181 148  19 106 106  60  30
  88  43  38  34  31  30  43 186 186 160 154  20 107  71  12  14
  45  41  37  34  32  30  90 190 186 139 139  18  78  91  13  11
  46  41  36  34  34  38 166 188 183 143  99  15  34 142  15  10
  55  56  38  35  35 126 191 188 151 173  64  17  13  84 108  25
 187 195  84  39 123 194 190 178 142 180  42  15  12  13  58 110
 206 205 140 147 196 193 188  95 168 137  48  14  13  47  46  17
 190 206 202 201 196 191 121  45 159  68 115  18  15  13  49 104

  15 132 157 157 156 155 157 152  27   9   8   7  24 108  16 106
  17 101 161 161 161 161 160 162  57   9   9  12 106  57  45  52
  95  56 164 165 163 164 163 165 102  65  84 132  82  12  44  12
 159  74 154  79  31  35  55  84  99  98  72  31  12  11  11  10
 172 161  75  15  16  16  16  15  14  15  14  13  13  12  13  14
 176 111  21  17  16  32  95 137 140 148 132  92  58  35  40 107
 166  40  19  20  65 162 178 177 175 154 132 135 168 170 131  67
 113  22  22  41 157 185 184 184 184 183 182 175 143 137 163 152
  68  24  23  68 185 188 188 188 180 184 185 184 184 173  92  44
  54  25  26  95 191 191 191 123  38  42  89 163 189 187 183 119
  70  28  28  90 193 195 189  52  28  27  29  34 125 190 190 190
 123  33  30  67 193 198 187  47  29  29  28  28  30 118 192 193
 179  62  33  40 179 200 199  80  33  33  31  32  31  34 145 199
  98 131  54  40 148 203 203 157  41  36  34  34  35  76 138 199
  59  85 110  73 121 204 207 207 103  39  37  37  56 191 204 204
  46  48  47  60 116 169 207 210 198  84  42  43  57 183 205 190
  13 133 159 159 159 158 160 154  24  10   8   9  25 104  18 103
  17 101 162 163 163 162 161 164  54  10   9  14 108  52  45  47
  97  55 165 167 164 165 165 166 103  66  84 134  79  11  44  12
 161  72 157  80  34  37  57  88 102 100  72  31  12  12  12  13
 173 165  71  17  17  17  17  19  17  15  15  13  14  13  14  17
 177 113  20  17  17  32  96 139 143 150 134  93  59  37  40 110
 168  37  21  20  65 164 180 178 175 154 133 137 169 172 130  61
 112  22  22  40 158 185 185 184 184 182 182 176 144 138 163 153
  64  25  25  65 186 188 188 187 181 183 185 185 184 173  88  42
  53  27  27  92 191 191 191 120  37  42  89 162 188 187 184 115
  68  30  28  88 193 194 189  48  27  27  28  36 125 190 189 188
 121  32  31  67 192 196 186  42  30  30  29  28  32 118 192 193
 179  60  33  42 178 199 198  76  32  32  32  31  32  36 147 198
  96 130  51  40 146 202 202 149  37  35  33  33  35  82 139 199
  57  84 109  72 120 203 206 206  97  38  36  37  56 192 203 203
  46  47  46  58 114 168 206 209 196  79  40  41  56 186 203 187
  15 135 164 164 164 162 164 159  30  14  11  10  25 110  17 104
  21  99 167 167 167 167 167 168  60  12  13  15 108  58  46  49
 103  51 169 171 167 169 171 171 106  71  91 142  84  13  47  13
 166  73 162  87  36  40  63  90 106 107  78  34  13  12  13  15
 177 169  80  19  17  21  19  19  19  20  18  15  17  15  14  18
 181 120  25  21  20  33  99 144 148 154 139  99  64  42  48 115
 174  41  22  21  62 167 184 184 181 160 139 143 173 180 137  68
 117  26  25  40 156 188 188 188 187 186 186 183 151 142 168 159
  72  24  28  62 188 191 191 191 185 186 190 188 188 178  95  45
  58  29  30  90 194 194 194 128  40  43  90 166 191 190 188 121
  75  31  33  86 195 196 192  52  31  30  30  38 126 194 193 191
 128  37  34  68 192 199 189  45  34  31  32  34  35 123 196 196
 184  67  38  44 177 201 202  82  37  34  34  34  35  39 147 201
 102 136  55  41 143 204 205 155  42  38  37  36  38  84 140 202
  61  89 113  77 117 206 207 208 103  43  41  41  56 195 205 206
  51  50  49  63 116 170 208 211 200  88  45  46  55 187 206 190

 106  52  12  10  14 107  67 152  44 119 190 193 199 199 204 190
  16  45  44  11  13  40 131 163  92 183 190 192 145 138 204 205
 108  57  12  11  12  35 170 137 173 187 190 118  34  76 191 183
  24 106  82  12  13  58 168 143 184 189 125  30  31  35  56  57
   7  12 132  31  13  92 135 175 184 163  34  28  32  34  37  43
   8   9  84  72  14 132 132 182 185  89  29  28  31  34  37  42
   9   9  65  98  15 148 154 183 184  42  27  29  33  36  39  84
  27  57 102  99  14 140 175 184 180  38  28  29  33  41 103 198
 152 162 165  84  15 137 177 184 188 123  52  47  80 157 207 210
 157 160 163  55  16  95 178 184 188 191 189 187 199 203 207 207
 155 161 164  35  16  32 162 185 188 191 195 198 200 203 204 169
 156 161 163  31  16  16  65 157 185 191 193 193 179 148 121 116
 157 161 165  79  15  17  20  41  68  95  90  67  40  40  73  60
 157 161 164 154  75  21  19  22  23  26  28  30  33  54 110  47
 132 101  56  74 161 111  40  22  24  25  28  33  62 131  85  48
  15  17  95 159 172 176 166 113  68  54  70 123 179  98  59  46
 103  47  12  13  17 110  61 153  42 115 188 193 198 199 203 187
  18  45  44  12  14  40 130 163  88 184 189 192 147 139 203 203
 104  52  11  12  13  37 172 138 173 187 190 118  36  82 192 186
  25 108  79  12  14  59 169 144 184 188 125  32  32  35  56  56
   9  14 134  31  13  93 137 176 185 162  36  28  31  33  37  41
   8   9  84  72  15 134 133 182 185  89  28  29  32  33  36  40
  10  10  66 100  15 150 154 182 183  42  27  30  32  35  38  79
  24  54 103 102  17 143 175 184 181  37  27  30  32  37  97 196
 154 164 166  88  19 139 178 184 187 120  48  42  76 149 206 209
 160 161 165  57  17  96 180 185 188 191 189 186 198 202 206 206
 158 162 165  37  17  32 164 185 188 191 194 196 199 202 203 168
 159 163 164  34  17  17  65 158 186 191 193 192 178 146 120 114
 159 163 167  80  17  17  20  40  65  92  88  67  42  40  72  58
 159 162 165 157  71  20  21  22  25  27  28  31  33  51 109  46
 133 101  55  72 165 113  37  22  25  27  30  32  60 130  84  47
  13  17  97 161 173 177 168 112  64  53  68 121 179  96  57  46
 104  49  13  15  18 115  68 159  45 121 191 196 201 202 206 190
  17  46  47  13  14  48 137 168  95 188 193 196 147 140 205 206
 110  58  13  12  15  42 180 142 178 190 194 123  39  84 195 187
  25 108  84  13  17  64 173 151 188 191 126  35  35  38  56  55
  10  15 142  34  15  99 143 183 188 166  38  34  34  36  41  46
  11  13  91  78  18 139 139 186 190  90  30  32  34  37  41  45
  14  12  71 107  20 154 160 186 186  43  30  31  34  38  43  88
  30  60 106 106  19 148 181 187 185  40  31  34  37  42 103 200
 159 168 171  90  19 144 184 188 191 128  52  45  82 155 208 211
 164 167 171  63  19  99 184 188 191 194 192 189 202 205 207 208
 162 167 169  40  21  33 167 188 191 194 196 199 201 204 206 170
 164 167 167  36  17  20  62 156 188 194 195 192 177 143 117 116
 164 167 171  87  19  21  21  40  62  90  86  68  44  41  77  63
 164 167 169 162  80  25  22  25  28  30  33  34  38  55 113  49
 135  99  51  73 169 120  41  26  24  29  31  37  67 136  89  50
  15  21 103 166 177 181 174 117  72  58  75 128 184 102  61  51

 190 205 183  57  43  42  84 198 210 207 169 116  60  47  48  46
 204 204 191  56  37  37  39 103 207 207 204 121  73 110  85  59
 199 138  76  35  34  34  36  41 157 203 203 148  40  54 131  98
 199 145  34  31  32  31  33  33  80 199 200 179  40  33  62 179
 193 192 118  30  28  28  29  29  47 187 198 193  67  30  33 123
 190 190 190 125  34  29  27  28  52 189 195 193  90  28  28  70
 119 183 187 189 163  89  42  38 123 191 191 191  95  26  25  54
  44  92 173 184 184 185 184 180 188 188 188 185  68  23  24  68
 152 163 137 143 175 182 183 184 184 184 185 157  41  22  22 113
  67 131 170 168 135 132 154 175 177 178 162  65  20  19  40 166
 107  40  35  58  92 132 148 140 137  95  32  16  17  21 111 176
  14  13  12  13  13  14  15  14  15  16  16  16  15  75 161 172
  10  11  11  12  31  72  98  99  84  55  35  31  79 154  74 159
  12  44  12  82 132  84  65 102 165 163 164 163 165 164  56  95
  52  45  57 106  12   9   9  57 162 160 161 161 161 161 101  17
 106  16 108  24   7   8   9  27 152 157 155 156 157 157 132  15
 187 203 186  56  41  40  79 196 209 206 168 114  58  46  47  46
 203 203 192  56  37  36  38  97 206 206 203 120  72 109  84  57
 199 139  82  35  33  33  35  37 149 202 202 146  40  51 130  96
 198 147  36  32  31  32  32  32  76 198 199 178  42  33  60 179
 193 192 118  32  28  29  30  30  42 186 196 192  67  31  32 121
 188 189 190 125  36  28  27  27  48 189 194 193  88  28  30  68
 115 184 187 188 162  89  42  37 120 191 191 191  92  27  27  53
  42  88 173 184 185 185 183 181 187 188 188 186  65  25  25  64
 153 163 138 144 176 182 182 184 184 185 185 158  40  22  22 112
  61 130 172 169 137 133 154 175 178 180 164  65  20  21  37 168
 110  40  37  59  93 134 150 143 139  96  32  17  17  20 113 177
  17  14  13  14  13  15  15  17  19  17  17  17  17  71 165 173
  13  12  12  12  31  72 100 102  88  57  37  34  80 157  72 161
  12  44  11  79 134  84  66 103 166 165 165 164 167 165  55  97
  47  45  52 108  14   9  10  54 164 161 162 163 163 162 101  17
 103  18 104  25   9   8  10  24 154 160 158 159 159 159 133  13
 190 206 187  55  46  45  88 200 211 208 170 116  63  49  50  51
 206 205 195  56  41  41  43 103 208 207 206 117  77 113  89  61
 202 140  84  38  36  37  38  42 155 205 204 143  41  55 136 102
 201 147  39  35  34  34  34  37  82 202 201 177  44  38  67 184
 196 196 123  35  34  32  31  34  45 189 199 192  68  34  37 128
 191 193 194 126  38  30  30  31  52 192 196 195  86  33  31  75
 121 188 190 191 166  90  43  40 128 194 194 194  90  30  29  58
  45  95 178 188 188 190 186 185 191 191 191 188  62  28  24  72
 159 168 142 151 183 186 186 187 188 188 188 156  40  25  26 117
  68 137 180 173 143 139 160 181 184 184 167  62  21  22  41 174
 115  48  42  64  99 139 154 148 144  99  33  20  21  25 120 181
  18  14  15  17  15  18  20  19  19  19  21  17  19  80 169 177
  15  13  12  13  34  78 107 106  90  63  40  36  87 162  73 166
  13  47  13  84 142  91  71 106 171 171 169 167 171 169  51 103
  49  46  58 108  15  13  12  60 168 167 167 167 167 167  99  21
 104  17 110  25  10  11  14  30 159 164 162 164 164 164 135  15

