  66  44  40  41  82  84  88  72  33  30  28  31  28  27  38  92
  37  38 100 148 159 201 216 211 143  54  32  28  26  26  25  28
  67 186 135 155 225 222 221 220 218 205 130  49  32  27  26  24
 206 110 158 226 228 225 220 219 218 217 216 202 149  90  42  25
  83 142 231 231 228 226 222 221 218 218 216 215 213 211 195 154
  69 221 235 232 229 226 223 222 220 217 217 214 213 212 211 209
 158 238 236 233 231 228 225 223 220 219 217 215 213 213 211 211
 210 240 236 234 231 228 226 223 220 219 218 215 214 213 211 210
 242 238 235 231 231 229 225 223 222 219 218 216 215 213 212 210
 243 239 221 167 123 133 196 226 223 221 219 218 216 214 212 211
 243 183  65 207 222  95  46 150 223 220 219 217 216 214 212 210
 241  89  48 210 228  90  36  55 207 221 219 218 217 214 212 210
 225  41  36  55  70  41  31  32 190 221 219 218 217 213 211 210
 193  38  31  29  31  31  29  36 190 222 220 217 216 214 212 211
 128  97  34  32  33  31  30  72 221 221 220 217 216 214 213 211
  50 200  98  37  38  40  79 191 224 222 220 218 217 215 212 210
  56  35  35  41  85  90  94  77  35  31  29  30  30  30  37  89
  36  38 101 148 162 203 219 212 147  57  33  31  31  27  26  27
  70 186 133 152 224 222 221 218 218 206 134  54  32  28  27  27
 207 100 161 228 226 223 221 219 218 217 217 204 153  95  44  30
  74 143 231 229 227 224 223 220 219 217 216 215 215 214 202 158
  73 222 232 230 227 225 223 222 219 217 217 215 214 212 212 211
 159 235 234 230 229 225 225 222 220 219 217 216 214 213 212 211
 210 234 233 230 230 227 224 222 220 219 217 216 215 214 212 211
 239 235 232 229 230 227 224 222 221 220 217 216 214 214 213 212
 239 236 213 157 118 117 190 224 222 220 218 217 215 214 212 211
 238 171  55 208 224  90  37 138 223 220 219 217 216 214 212 211
 240  79  42 200 216  82  37  50 206 220 218 217 216 215 213 211
 223  39  35  46  53  35  31  33 191 220 219 217 216 214 213 211
 185  41  31  31  34  32  29  36 190 221 220 218 217 215 213 211
 122 107  36  33  34  33  34  77 223 221 220 218 217 215 213 211
  44 200 106  42  42  42  86 198 223 221 220 218 217 215 213 211
  64  38  41  44  87  80  95  74  41  37  35  39  34  32  38  91
  41  41 102 149 164 209 225 215 147  55  36  35  32  32  30  32
  73 186 135 154 230 226 225 224 222 207 132  52  35  31  29  30
 211 101 163 234 232 229 225 224 224 222 220 206 153  94  45  36
  79 144 239 237 233 230 226 225 224 222 221 221 221 217 203 159
  82 230 242 236 235 232 229 227 226 223 221 221 221 218 217 217
 163 243 240 237 236 233 230 228 225 225 223 221 219 219 218 216
 215 244 240 239 234 234 230 226 224 225 223 221 220 219 217 216
 247 244 240 238 235 232 231 229 226 226 223 221 220 219 218 217
 246 243 221 162 120 119 193 229 226 225 225 223 220 219 217 216
 246 178  68 214 229 100  39 142 226 226 224 222 220 219 217 216
 244  87  48 210 223  89  38  51 210 226 224 222 220 218 218 216
 226  45  44  53  57  41  38  37 193 225 224 223 220 218 218 216
 190  52  38  36  36  36  38  40 194 226 224 223 220 218 218 215
 127 117  41  41  41  37  39  76 227 226 223 222 221 219 218 216
  48 202 107  48  46  46  90 200 227 227 224 223 221 221 217 216

  92  28  24  25 154 209 211 210 210 211 210 210 210 211 211 210
  38  25  26  42 195 211 211 211 212 212 212 212 211 212 213 212
  27  26  27  90 211 212 213 213 213 214 214 214 213 214 214 215
  28  26  32 149 213 213 213 214 215 216 216 217 217 216 216 217
  31  28  49 202 215 214 215 215 216 218 217 218 218 217 217 218
  28  32 130 216 216 217 217 218 218 219 219 219 219 220 220 220
  30  54 205 217 218 217 219 219 219 221 220 221 221 222 221 222
  33 143 218 218 218 220 220 220 222 223 223 207 190 190 221 224
  72 211 220 219 221 222 223 223 223 226 150  55  32  36  72 191
  88 216 221 220 222 223 225 226 225 196  46  36  31  29  30  79
  84 201 222 225 226 226 228 228 229 133  95  90  41  31  31  40
  82 159 225 228 228 229 231 231 231 123 222 228  70  31  33  38
  41 148 155 226 231 232 233 234 231 167 207 210  55  29  32  37
  40 100 135 158 231 235 236 236 235 221  65  48  36  31  34  98
  44  38 186 110 142 221 238 240 238 239 183  89  41  38  97 200
  66  37  67 206  83  69 158 210 242 243 243 241 225 193 128  50
  89  27  27  30 158 211 211 211 212 211 211 211 211 211 211 211
  37  26  27  44 202 212 212 212 213 212 212 213 213 213 213 213
  30  27  28  95 214 212 213 214 214 214 214 215 214 215 215 215
  30  31  32 153 215 214 214 215 214 215 216 216 216 217 217 217
  30  31  54 204 215 215 216 216 216 217 217 217 217 218 218 218
  29  33 134 217 216 217 217 217 217 218 219 218 219 220 220 220
  31  57 206 217 217 217 219 219 220 220 220 220 220 221 221 221
  35 147 218 218 219 219 220 220 221 222 223 206 191 190 223 223
  77 212 218 219 220 222 222 222 222 224 138  50  33  36  77 198
  94 219 221 221 223 223 225 224 224 190  37  37  31  29  34  86
  90 203 222 223 224 225 225 227 227 117  90  82  35  32  33  42
  85 162 224 226 227 227 229 230 230 118 224 216  53  34  34  42
  41 148 152 228 229 230 230 230 229 157 208 200  46  31  33  42
  35 101 133 161 231 232 234 233 232 213  55  42  35  31  36 106
  35  38 186 100 143 222 235 234 235 236 171  79  39  41 107 200
  56  36  70 207  74  73 159 210 239 239 238 240 223 185 122  44
  91  32  30  36 159 217 216 216 217 216 216 216 216 215 216 216
  38  30  29  45 203 217 218 217 218 217 217 218 218 218 218 217
  32  32  31  94 217 218 219 219 219 219 219 218 218 218 219 221
  34  32  35 153 221 221 219 220 220 220 220 220 220 220 221 221
  39  35  52 206 221 221 221 221 221 223 222 222 223 223 222 223
  35  36 132 220 221 221 223 223 223 225 224 224 224 224 223 224
  37  55 207 222 222 223 225 225 226 225 226 226 225 226 226 227
  41 147 222 224 224 226 225 224 226 226 226 210 193 194 227 227
  74 215 224 224 225 227 228 226 229 229 142  51  37  40  76 200
  95 225 225 225 226 229 230 230 231 193  39  38  38  38  39  90
  80 209 226 229 230 232 233 234 232 119 100  89  41  36  37  46
  87 164 230 232 233 235 236 234 235 120 229 223  57  36  41  46
  44 149 154 234 237 236 237 239 238 162 214 210  53  36  41  48
  41 102 135 163 239 242 240 240 240 221  68  48  44  38  41 107
  38  41 186 101 144 230 243 244 244 243 178  87  45  52 117 202
  64  41  73 211  79  82 163 215 247 246 246 244 226 190 127  48

 210 212 215 217 218 220 222 224 191  79  40  38  37  98 200  50
 211 213 214 216 217 220 221 221  72  30  31  33  32  34  97 128
 211 212 214 216 217 220 222 190  36  29  31  31  29  31  38 193
 210 211 213 217 218 219 221 190  32  31  41  70  55  36  41 225
 210 212 214 217 218 219 221 207  55  36  90 228 210  48  89 241
 210 212 214 216 217 219 220 223 150  46  95 222 207  65 183 243
 211 212 214 216 218 219 221 223 226 196 133 123 167 221 239 243
 210 212 213 215 216 218 219 222 223 225 229 231 231 235 238 242
 210 211 213 214 215 218 219 220 223 226 228 231 234 236 240 210
 211 211 213 213 215 217 219 220 223 225 228 231 233 236 238 158
 209 211 212 213 214 217 217 220 222 223 226 229 232 235 221  69
 154 195 211 213 215 216 218 218 221 222 226 228 231 231 142  83
  25  42  90 149 202 216 217 218 219 220 225 228 226 158 110 206
  24  26  27  32  49 130 205 218 220 221 222 225 155 135 186  67
  28  25  26  26  28  32  54 143 211 216 201 159 148 100  38  37
  92  38  27  28  31  28  30  33  72  88  84  82  41  40  44  66
 211 213 215 217 218 220 221 223 198  86  42  42  42 106 200  44
 211 213 215 217 218 220 221 223  77  34  33  34  33  36 107 122
 211 213 215 217 218 220 221 190  36  29  32  34  31  31  41 185
 211 213 214 216 217 219 220 191  33  31  35  53  46  35  39 223
 211 213 215 216 217 218 220 206  50  37  82 216 200  42  79 240
 211 212 214 216 217 219 220 223 138  37  90 224 208  55 171 238
 211 212 214 215 217 218 220 222 224 190 117 118 157 213 236 239
 212 213 214 214 216 217 220 221 222 224 227 230 229 232 235 239
 211 212 214 215 216 217 219 220 222 224 227 230 230 233 234 210
 211 212 213 214 216 217 219 220 222 225 225 229 230 234 235 159
 211 212 212 214 215 217 217 219 222 223 225 227 230 232 222  73
 158 202 214 215 215 216 217 219 220 223 224 227 229 231 143  74
  30  44  95 153 204 217 217 218 219 221 223 226 228 161 100 207
  27  27  28  32  54 134 206 218 218 221 222 224 152 133 186  70
  27  26  27  31  31  33  57 147 212 219 203 162 148 101  38  36
  89  37  30  30  30  29  31  35  77  94  90  85  41  35  35  56
 216 217 221 221 223 224 227 227 200  90  46  46  48 107 202  48
 216 218 219 221 222 223 226 227  76  39  37  41  41  41 117 127
 215 218 218 220 223 224 226 194  40  38  36  36  36  38  52 190
 216 218 218 220 223 224 225 193  37  38  41  57  53  44  45 226
 216 218 218 220 222 224 226 210  51  38  89 223 210  48  87 244
 216 217 219 220 222 224 226 226 142  39 100 229 214  68 178 246
 216 217 219 220 223 225 225 226 229 193 119 120 162 221 243 246
 217 218 219 220 221 223 226 226 229 231 232 235 238 240 244 247
 216 217 219 220 221 223 225 224 226 230 234 234 239 240 244 215
 216 218 219 219 221 223 225 225 228 230 233 236 237 240 243 163
 217 217 218 221 221 221 223 226 227 229 232 235 236 242 230  82
 159 203 217 221 221 221 222 224 225 226 230 233 237 239 144  79
  36  45  94 153 206 220 222 224 224 225 229 232 234 163 101 211
  30  29  31  35  52 132 207 222 224 225 226 230 154 135 186  73
  32  30  32  32  35  36  55 147 215 225 209 164 149 102  41  41
  91  38  32  34  39  35  37  41  74  95  80  87  44  41  38  64

  50 128 193 225 241 243 243 242 210 158  69  83 206  67  37  66
 200  97  38  41  89 183 239 238 240 238 221 142 110 186  38  44
  98  34  31  36  48  65 221 235 236 236 235 231 158 135 100  40
  37  32  29  55 210 207 167 231 234 233 232 231 226 155 148  41
  38  33  31  70 228 222 123 231 231 231 229 228 228 225 159  82
  40  31  31  41  90  95 133 229 228 228 226 226 225 222 201  84
  79  30  29  31  36  46 196 225 226 225 223 222 220 221 216  88
 191  72  36  32  55 150 226 223 223 223 222 221 219 220 211  72
 224 221 190 190 207 223 223 222 220 220 220 218 218 218 143  33
 222 221 222 221 221 220 221 219 219 219 217 218 217 205  54  30
 220 220 220 219 219 219 219 218 218 217 217 216 216 130  32  28
 218 217 217 218 218 217 218 216 215 215 214 215 202  49  28  31
 217 216 216 217 217 216 216 215 214 213 213 213 149  32  26  28
 215 214 214 213 214 214 214 213 213 213 212 211  90  27  26  27
 212 213 212 211 212 212 212 212 211 211 211 195  42  26  25  38
 210 211 211 210 210 210 211 210 210 211 209 154  25  24  28  92
  44 122 185 223 240 238 239 239 210 159  73  74 207  70  36  56
 200 107  41  39  79 171 236 235 234 235 222 143 100 186  38  35
 106  36  31  35  42  55 213 232 233 234 232 231 161 133 101  35
  42  33  31  46 200 208 157 229 230 230 230 229 228 152 148  41
  42  34  34  53 216 224 118 230 230 229 227 227 226 224 162  85
  42  33  32  35  82  90 117 227 227 225 225 224 223 222 203  90
  86  34  29  31  37  37 190 224 224 225 223 223 221 221 219  94
 198  77  36  33  50 138 224 222 222 222 222 220 219 218 212  77
 223 223 190 191 206 223 222 221 220 220 219 219 218 218 147  35
 221 221 221 220 220 220 220 220 219 219 217 217 217 206  57  31
 220 220 220 219 218 219 218 217 217 217 217 216 217 134  33  29
 218 218 218 217 217 217 217 216 216 216 215 215 204  54  31  30
 217 217 217 216 216 216 215 214 215 214 214 215 153  32  31  30
 215 215 215 214 215 214 214 214 214 213 212 214  95  28  27  30
 213 213 213 213 213 212 212 213 212 212 212 202  44  27  26  37
 211 211 211 211 211 211 211 212 211 211 211 158  30  27  27  89
  48 127 190 226 244 246 246 247 215 163  82  79 211  73  41  64
 202 117  52  45  87 178 243 244 244 243 230 144 101 186  41  38
 107  41  38  44  48  68 221 240 240 240 242 239 163 135 102  41
  48  41  36  53 210 214 162 238 239 237 236 237 234 154 149  44
  46  41  36  57 223 229 120 235 234 236 235 233 232 230 164  87
  46  37  36  41  89 100 119 232 234 233 232 230 229 226 209  80
  90  39  38  38  38  39 193 231 230 230 229 226 225 225 225  95
 200  76  40  37  51 142 229 229 226 228 227 225 224 224 215  74
 227 227 194 193 210 226 226 226 224 225 226 224 224 222 147  41
 227 226 226 225 226 226 225 226 225 225 223 222 222 207  55  37
 224 223 224 224 224 224 225 223 223 223 221 221 220 132  36  35
 223 222 223 223 222 222 223 221 221 221 221 221 206  52  35  39
 221 221 220 220 220 220 220 220 220 219 221 221 153  35  32  34
 221 219 218 218 218 219 219 219 219 219 218 217  94  31  32  32
 217 218 218 218 218 217 217 218 217 218 217 203  45  29  30  38
 216 216 215 216 216 216 216 217 216 216 217 159  36  30  32  91

