  95 218 254 254 255 255 255 255 255 255 255 255 255 255 254 254
 161 254 254 254 255 255 255 255 255 255 255 255 255 255 254 254
 245 254 254 255 255 254 254 254 253 253 254 254 254 255 255 255
 253 254 255 255 255 254 247 179 141 114 153 238 254 255 255 255
 254 254 255 255 255 244 141  94  83  83  84 124 246 255 255 255
 254 254 255 255 255 221 244 237 111  79  80  85 180 254 255 255
 254 254 255 255 255 201 234 250 111  79  79  80 123 253 255 255
 254 254 255 255 254 199 109 112  75  75  76  78 145 254 255 255
 254 254 255 255 255 226  85  77  76  76  75  82 207 254 255 255
 254 254 255 255 255 253 191  85  78  74  77 176 253 255 255 255
 254 254 255 255 255 254 254 232 199 185 221 254 255 255 255 254
 252 254 255 255 255 254 254 254 254 254 254 254 255 254 254 254
 186 252 254 254 255 255 255 255 255 255 254 253 255 254 254 253
  72 189 254 254 254 254 254 254 255 255 253 252 254 254 253 245
  64  76 198 252 253 253 253 254 254 254 254 251 253 252 245 137
  57  61  74 170 245 251 251 252 253 253 252 249 248 208 100  65
  88 214 254 254 254 255 255 255 255 255 255 255 255 255 254 254
 157 253 254 254 255 255 255 255 255 255 255 255 255 255 254 254
 246 254 254 255 255 254 254 254 254 254 254 254 254 255 255 255
 254 254 255 255 255 254 248 178 138 110 146 236 254 255 255 255
 254 254 255 255 255 244 146  96  82  81  79 116 245 255 255 255
 254 255 255 255 255 221 243 237 107  79  78  79 177 255 255 255
 254 255 255 255 255 197 231 252 109  78  78  78 122 254 255 255
 255 255 255 255 254 189 106 110  75  75  75  75 141 254 255 255
 254 254 255 255 255 226  85  75  74  74  74  81 207 254 255 255
 254 255 255 255 255 253 191  85  76  73  76 175 254 254 255 255
 254 254 255 255 255 254 254 232 199 184 222 254 255 255 255 254
 249 254 255 255 255 254 254 254 254 254 254 254 255 254 254 254
 175 252 254 254 255 254 254 255 255 255 254 253 255 254 255 253
  62 179 253 254 254 254 254 254 255 255 253 252 254 254 254 246
  57  68 190 250 253 253 253 254 254 254 254 252 251 252 244 140
  57  58  66 160 240 251 250 252 253 253 252 248 245 207 103  62
  91 216 254 254 254 255 255 255 255 255 255 255 255 255 254 254
 160 254 254 254 255 255 255 255 255 255 255 255 255 255 254 254
 247 254 254 255 255 254 254 254 254 253 254 253 254 255 255 255
 254 254 255 255 255 253 247 182 141 113 153 239 254 255 255 255
 254 254 255 255 255 243 146 100  87  83  84 124 247 255 255 255
 255 254 255 255 255 218 240 237 108  82  81  85 186 254 255 255
 254 254 255 255 255 198 234 250 104  81  79  82 125 255 255 255
 254 255 255 255 254 188 111 119  76  76  76  78 145 255 255 255
 253 254 255 255 255 224  75  76  76  76  75  84 209 254 255 255
 254 254 255 255 255 254 188  82  77  77  75 174 253 254 255 255
 254 254 255 255 255 254 253 229 196 182 222 254 255 255 255 254
 250 254 255 255 255 254 254 254 254 254 254 254 255 254 254 254
 180 252 254 254 255 255 255 255 255 255 254 253 255 255 255 254
  67 183 254 254 254 254 254 254 255 255 253 253 254 254 254 246
  60  70 197 253 253 253 253 254 254 254 254 252 253 253 245 141
  57  57  69 167 245 253 252 253 253 253 252 250 248 210 107  65

 254 254 255 255 255 255 255 255 255 255 254 254 253 245 137  65
 254 254 255 255 255 255 255 255 255 255 255 254 254 253 245 100
 255 255 255 255 255 254 253 254 254 255 255 254 254 254 252 208
 255 255 254 254 246 180 123 145 207 253 255 255 255 254 253 248
 255 255 254 238 124  85  80  78  82 176 254 254 253 252 251 249
 255 255 254 153  84  80  79  76  75  77 221 254 254 253 254 252
 255 255 253 114  83  79  79  75  76  74 185 254 255 255 254 253
 255 255 253 141  83 111 111  75  76  78 199 254 255 255 254 253
 255 255 254 179  94 237 250 112  77  85 232 254 255 254 254 252
 255 255 254 247 141 244 234 109  85 191 254 254 255 254 253 251
 255 255 254 254 244 221 201 199 226 253 254 254 255 254 253 251
 255 255 255 255 255 255 255 254 255 255 255 255 255 254 253 245
 254 254 255 255 255 255 255 255 255 255 255 255 254 254 252 170
 254 254 254 255 255 255 255 255 255 255 255 255 254 254 198  74
 218 254 254 254 254 254 254 254 254 254 254 254 252 189  76  61
  95 161 245 253 254 254 254 254 254 254 254 252 186  72  64  57
 254 254 255 255 255 255 255 255 255 255 254 254 253 246 140  62
 254 254 255 255 255 255 255 255 255 255 255 254 255 254 244 103
 255 255 255 255 255 255 254 254 254 254 255 254 254 254 252 207
 255 255 254 254 245 177 122 141 207 254 255 255 255 254 251 245
 255 255 254 236 116  79  78  75  81 175 254 254 253 252 252 248
 255 255 254 146  79  78  78  75  74  76 222 254 254 253 254 252
 255 255 254 110  81  79  78  75  74  73 184 254 255 255 254 253
 255 255 254 138  82 107 109  75  74  76 199 254 255 255 254 253
 255 255 254 178  96 237 252 110  75  85 232 254 255 254 254 252
 255 255 254 248 146 243 231 106  85 191 254 254 254 254 253 250
 255 255 254 254 244 221 197 189 226 253 254 254 254 254 253 251
 254 255 255 255 255 255 255 254 255 255 255 255 255 254 253 240
 254 254 255 255 255 255 255 255 255 255 255 255 254 254 250 160
 254 254 254 255 255 255 255 255 255 255 255 255 254 253 190  66
 214 253 254 254 254 255 255 255 254 255 254 254 252 179  68  58
  88 157 246 254 254 254 254 255 254 254 254 249 175  62  57  57
 254 254 255 255 255 255 255 255 255 255 254 254 254 246 141  65
 254 254 255 255 255 255 255 255 255 255 255 254 255 254 245 107
 255 255 255 255 255 254 255 255 254 254 255 254 255 254 253 210
 255 255 254 254 247 186 125 145 209 253 255 255 255 254 253 248
 255 255 253 239 124  85  82  78  84 174 254 254 253 253 252 250
 255 255 254 153  84  81  79  76  75  75 222 254 254 253 254 252
 255 255 253 113  83  82  81  76  76  77 182 254 255 255 254 253
 255 255 254 141  87 108 104  76  76  77 196 254 255 255 254 253
 255 255 254 182 100 237 250 119  76  82 229 254 255 254 254 253
 255 255 254 247 146 240 234 111  75 188 253 254 255 254 253 252
 255 255 254 253 243 218 198 188 224 254 254 254 255 254 253 253
 254 255 255 255 255 255 255 254 255 255 255 255 255 254 253 245
 254 254 255 255 255 255 255 255 255 255 255 255 254 254 253 167
 254 254 254 255 255 255 255 255 255 255 255 255 254 254 197  69
 216 254 254 254 254 254 254 255 254 254 254 254 252 183  70  57
  91 160 247 254 254 255 254 254 253 254 254 250 180  67  60  57

  65 100 208 248 249 252 253 253 252 251 251 245 170  74  61  57
 137 245 252 253 251 254 254 254 254 253 253 253 252 198  76  64
 245 253 254 254 252 253 255 255 254 254 254 254 254 254 189  72
 253 254 254 255 253 254 255 255 255 255 255 255 254 254 252 186
 254 254 254 255 254 254 254 254 254 254 254 255 255 255 254 252
 254 255 255 255 254 221 185 199 232 254 254 255 255 255 254 254
 255 255 255 253 176  77  74  78  85 191 253 255 255 255 254 254
 255 255 254 207  82  75  76  76  77  85 226 255 255 255 254 254
 255 255 254 145  78  76  75  75 112 109 199 254 255 255 254 254
 255 255 253 123  80  79  79 111 250 234 201 255 255 255 254 254
 255 255 254 180  85  80  79 111 237 244 221 255 255 255 254 254
 255 255 255 246 124  84  83  83  94 141 244 255 255 255 254 254
 255 255 255 254 238 153 114 141 179 247 254 255 255 255 254 253
 255 255 255 254 254 254 253 253 254 254 254 255 255 254 254 245
 254 254 255 255 255 255 255 255 255 255 255 255 254 254 254 161
 254 254 255 255 255 255 255 255 255 255 255 255 254 254 218  95
  62 103 207 245 248 252 253 253 252 250 251 240 160  66  58  57
 140 244 252 251 252 254 254 254 254 253 253 253 250 190  68  57
 246 254 254 254 252 253 255 255 254 254 254 254 254 253 179  62
 253 255 254 255 253 254 255 255 255 254 254 255 254 254 252 175
 254 254 254 255 254 254 254 254 254 254 254 255 255 255 254 249
 254 255 255 255 254 222 184 199 232 254 254 255 255 255 254 254
 255 255 254 254 175  76  73  76  85 191 253 255 255 255 255 254
 255 255 254 207  81  74  74  74  75  85 226 255 255 255 254 254
 255 255 254 141  75  75  75  75 110 106 189 254 255 255 255 255
 255 255 254 122  78  78  78 109 252 231 197 255 255 255 255 254
 255 255 255 177  79  78  79 107 237 243 221 255 255 255 255 254
 255 255 255 245 116  79  81  82  96 146 244 255 255 255 254 254
 255 255 255 254 236 146 110 138 178 248 254 255 255 255 254 254
 255 255 255 254 254 254 254 254 254 254 254 255 255 254 254 246
 254 254 255 255 255 255 255 255 255 255 255 255 254 254 253 157
 254 254 255 255 255 255 255 255 255 255 255 254 254 254 214  88
  65 107 210 248 250 252 253 253 253 252 253 245 167  69  57  57
 141 245 253 253 252 254 254 254 254 253 253 253 253 197  70  60
 246 254 254 254 253 253 255 255 254 254 254 254 254 254 183  67
 254 255 255 255 253 254 255 255 255 255 255 255 254 254 252 180
 254 254 254 255 254 254 254 254 254 254 254 255 255 255 254 250
 254 255 255 255 254 222 182 196 229 253 254 255 255 255 254 254
 255 255 254 253 174  75  77  77  82 188 254 255 255 255 254 254
 255 255 254 209  84  75  76  76  76  75 224 255 255 255 254 253
 255 255 255 145  78  76  76  76 119 111 188 254 255 255 255 254
 255 255 255 125  82  79  81 104 250 234 198 255 255 255 254 254
 255 255 254 186  85  81  82 108 237 240 218 255 255 255 254 255
 255 255 255 247 124  84  83  87 100 146 243 255 255 255 254 254
 255 255 255 254 239 153 113 141 182 247 253 255 255 255 254 254
 255 255 255 254 253 254 253 254 254 254 254 255 255 254 254 247
 254 254 255 255 255 255 255 255 255 255 255 255 254 254 254 160
 254 254 255 255 255 255 255 255 255 255 255 254 254 254 216  91

  57  64  72 186 252 254 254 254 254 254 254 254 253 245 161  95
  61  76 189 252 254 254 254 254 254 254 254 254 254 254 254 218
  74 198 254 254 255 255 255 255 255 255 255 255 255 254 254 254
 170 252 254 254 255 255 255 255 255 255 255 255 255 255 254 254
 245 253 254 255 255 255 255 255 254 255 255 255 255 255 255 255
 251 253 254 255 254 254 253 226 199 201 221 244 254 254 255 255
 251 253 254 255 254 254 191  85 109 234 244 141 247 254 255 255
 252 254 254 255 254 232  85  77 112 250 237  94 179 254 255 255
 253 254 255 255 254 199  78  76  75 111 111  83 141 253 255 255
 253 254 255 255 254 185  74  76  75  79  79  83 114 253 255 255
 252 254 253 254 254 221  77  75  76  79  80  84 153 254 255 255
 249 251 252 253 254 254 176  82  78  80  85 124 238 254 255 255
 248 253 254 255 255 255 253 207 145 123 180 246 254 254 255 255
 208 252 254 254 254 255 255 254 254 253 254 255 255 255 255 255
 100 245 253 254 254 255 255 255 255 255 255 255 255 255 254 254
  65 137 245 253 254 254 255 255 255 255 255 255 255 255 254 254
  57  57  62 175 249 254 254 254 255 254 254 254 254 246 157  88
  58  68 179 252 254 254 255 254 255 255 255 254 254 254 253 214
  66 190 253 254 255 255 255 255 255 255 255 255 255 254 254 254
 160 250 254 254 255 255 255 255 255 255 255 255 255 255 254 254
 240 253 254 255 255 255 255 255 254 255 255 255 255 255 255 254
 251 253 254 254 254 254 253 226 189 197 221 244 254 254 255 255
 250 253 254 254 254 254 191  85 106 231 243 146 248 254 255 255
 252 254 254 255 254 232  85  75 110 252 237  96 178 254 255 255
 253 254 255 255 254 199  76  74  75 109 107  82 138 254 255 255
 253 254 255 255 254 184  73  74  75  78  79  81 110 254 255 255
 252 254 253 254 254 222  76  74  75  78  78  79 146 254 255 255
 248 252 252 253 254 254 175  81  75  78  79 116 236 254 255 255
 245 251 254 255 255 255 254 207 141 122 177 245 254 254 255 255
 207 252 254 254 254 255 254 254 254 254 255 255 255 255 255 255
 103 244 254 255 254 255 255 255 255 255 255 255 255 255 254 254
  62 140 246 253 254 254 255 255 255 255 255 255 255 255 254 254
  57  60  67 180 250 254 254 253 254 254 255 254 254 247 160  91
  57  70 183 252 254 254 254 254 255 254 254 254 254 254 254 216
  69 197 254 254 255 255 255 255 255 255 255 255 255 254 254 254
 167 253 254 254 255 255 255 255 255 255 255 255 255 255 254 254
 245 253 254 255 255 255 255 255 254 255 255 255 255 255 255 254
 253 253 254 255 254 254 254 224 188 198 218 243 253 254 255 255
 252 253 254 255 254 253 188  75 111 234 240 146 247 254 255 255
 253 254 254 255 254 229  82  76 119 250 237 100 182 254 255 255
 253 254 255 255 254 196  77  76  76 104 108  87 141 254 255 255
 253 254 255 255 254 182  77  76  76  81  82  83 113 253 255 255
 252 254 253 254 254 222  75  75  76  79  81  84 153 254 255 255
 250 252 253 253 254 254 174  84  78  82  85 124 239 253 255 255
 248 253 254 255 255 255 253 209 145 125 186 247 254 254 255 255
 210 253 254 255 254 255 254 254 255 255 254 255 255 255 255 255
 107 245 254 255 254 255 255 255 255 255 255 255 255 255 254 254
  65 141 246 254 254 254 255 255 255 255 255 255 255 255 254 254

