 234 231 226 142 214 217 120  21  18  19  18  17  49 198 198 196
 234 231 226 136  73  96  30  17  16  17  16  17  84 199 199 199
 236 233 227 196  37  23  21  20  18  18  16  25 153 200 199 197
 233 231 227 222 144  34  21  21  20  19  19 105 200 199 199 197
 236 234 228 224 218 166  73  40  27  55 142 206 204 199 198 196
 234 232 226 224 221 216 214 200 200 203 207 206 203 201 199 183
 187 228 227 224 221 218 217 212 212 209 208 206 202 200 182  56
  56 143 215 222 220 219 218 214 213 211 208 207 202 162  53  64
 166  98  73 129 182 208 215 215 213 209 190 155 103  92 142  91
  55 148 176 120  73  45  71  89  99  91 110 148 174 126  40  11
  30  32  72 147 188 203 197 198 198 185 154  97  40  18  13  13
  29  28  27  25  32  48  60  60  45  34  23  16  14  14  13  15
 132 134 124 115 108  90  94  72  65  62  54  48  25  30  15  13
 227 228 224 224 220 215 216 215 217 208 206 196 196 189 185 165
 230 229 228 225 221 217 217 216 215 212 209 204 204 201 198 196
 229 229 227 226 223 218 217 216 215 212 210 205 204 200 198 197
 226 223 219 140 209 212 119  19  18  18  15  16  51 197 197 194
 227 224 221 134  74  98  27  18  16  16  16  18  82 197 198 196
 225 225 221 192  31  22  20  17  17  17  16  24 147 197 197 195
 225 225 222 218 136  29  20  20  19  19  17 100 196 196 197 195
 225 224 222 218 214 162  68  33  25  50 132 201 199 198 197 194
 226 224 222 219 216 213 211 190 196 201 205 203 200 199 197 182
 184 223 222 220 216 214 212 209 209 207 206 203 201 198 181  55
  50 142 212 218 215 215 214 211 208 207 205 202 199 161  54  61
 161  96  64 125 178 207 212 211 210 206 191 155  97  85 140  91
  48 143 173 115  65  38  63  78  91  84  99 142 170 119  36  12
  27  24  62 139 185 201 196 197 194 184 151  93  33  15  12  12
  26  27  23  24  28  42  51  55  42  29  18  17  14  15  13  14
 128 129 116 107 104  90  93  71  64  57  38  40  21  29  14  13
 223 222 220 219 216 213 212 212 210 206 205 195 194 185 182 167
 223 222 221 219 216 213 212 211 211 208 206 202 201 198 195 194
 222 221 221 220 217 214 214 212 211 208 205 203 200 198 196 195
 226 224 219 148 211 213 125  25  20  21  20  19  52 198 198 196
 227 224 221 136  84 105  31  25  20  19  18  20  84 199 199 199
 227 225 221 192  38  24  21  26  25  21  21  27 148 200 200 197
 226 225 223 220 135  32  27  26  25  22  24  99 198 198 200 197
 226 226 223 220 216 160  65  33  24  49 128 204 201 200 200 198
 226 226 224 220 217 212 208 190 195 205 207 205 202 200 197 187
 191 224 224 220 218 215 214 212 210 208 207 205 203 200 187  65
  49 153 215 219 216 216 215 212 209 209 206 205 204 171  56  57
 162  91  66 131 182 209 213 214 212 211 197 166 103  87 139  97
  54 149 172 112  65  40  66  84  92  82  96 141 173 126  43  18
  34  28  72 146 190 202 197 197 195 188 161  99  46  19  15  15
  34  32  30  29  32  47  58  63  50  37  27  21  20  17  18  16
 129 130 115 107 102  83  84  65  63  59  42  41  20  26  14  15
 227 224 223 220 218 216 213 212 212 206 207 196 196 186 182 164
 225 224 223 220 217 215 214 214 212 209 207 203 202 199 198 197
 222 223 222 221 219 215 215 214 213 210 208 205 202 199 199 197

 196 199 197 197 196 183  56  64  91  11  13  15  13 165 196 197
 198 199 199 199 198 199 182  53 142  40  13  13  15 185 198 198
 198 199 200 199 199 201 200 162  92 126  18  14  30 189 201 200
  49  84 153 200 204 203 202 202 103 174  40  14  25 196 204 204
  17  17  25 105 206 206 206 207 155 148  97  16  48 196 204 205
  18  16  16  19 142 207 208 208 190 110 154  23  54 206 209 210
  19  17  18  19  55 203 209 211 209  91 185  34  62 208 212 212
  18  16  18  20  27 200 212 213 213  99 198  45  65 217 215 215
  21  17  20  21  40 200 212 214 215  89 198  60  72 215 216 216
 120  30  21  21  73 214 217 218 215  71 197  60  94 216 217 217
 217  96  23  34 166 216 218 219 208  45 203  48  90 215 217 218
 214  73  37 144 218 221 221 220 182  73 188  32 108 220 221 223
 142 136 196 222 224 224 224 222 129 120 147  25 115 224 225 226
 226 226 227 227 228 226 227 215  73 176  72  27 124 224 228 227
 231 231 233 231 234 232 228 143  98 148  32  28 134 228 229 229
 234 234 236 233 236 234 187  56 166  55  30  29 132 227 230 229
 194 196 195 195 194 182  55  61  91  12  12  14  13 167 194 195
 197 198 197 197 197 197 181  54 140  36  12  13  14 182 195 196
 197 197 197 196 198 199 198 161  85 119  15  15  29 185 198 198
  51  82 147 196 199 200 201 199  97 170  33  14  21 194 201 200
  16  18  24 100 201 203 203 202 155 142  93  17  40 195 202 203
  15  16  16  17 132 205 206 205 191  99 151  18  38 205 206 205
  18  16  17  19  50 201 207 207 206  84 184  29  57 206 208 208
  18  16  17  19  25 196 209 208 210  91 194  42  64 210 211 211
  19  18  17  20  33 190 209 211 211  78 197  55  71 212 211 212
 119  27  20  20  68 211 212 214 212  63 196  51  93 212 212 214
 212  98  22  29 162 213 214 215 207  38 201  42  90 213 213 214
 209  74  31 136 214 216 216 215 178  65 185  28 104 216 216 217
 140 134 192 218 218 219 220 218 125 115 139  24 107 219 219 220
 219 221 221 222 222 222 222 212  64 173  62  23 116 220 221 221
 223 224 225 225 224 224 223 142  96 143  24  27 129 222 222 221
 226 227 225 225 225 226 184  50 161  48  27  26 128 223 223 222
 196 199 197 197 198 187  65  57  97  18  15  16  15 164 197 197
 198 199 200 200 200 197 187  56 139  43  15  18  14 182 198 199
 198 199 200 198 200 200 200 171  87 126  19  17  26 186 199 199
  52  84 148 198 201 202 203 204 103 173  46  20  20 196 202 202
  19  20  27  99 204 205 205 205 166 141  99  21  41 196 203 205
  20  18  21  24 128 207 207 206 197  96 161  27  42 207 207 208
  21  19  21  22  49 205 208 209 211  82 188  37  59 206 209 210
  20  20  25  25  24 195 210 209 212  92 195  50  63 212 212 213
  25  25  26  26  33 190 212 212 214  84 197  63  65 212 214 214
 125  31  21  27  65 208 214 215 213  66 197  58  84 213 214 215
 213 105  24  32 160 212 215 216 209  40 202  47  83 216 215 215
 211  84  38 135 216 217 218 216 182  65 190  32 102 218 217 219
 148 136 192 220 220 220 220 219 131 112 146  29 107 220 220 221
 219 221 221 223 223 224 224 215  66 172  72  30 115 223 223 222
 224 224 225 225 226 226 224 153  91 149  28  32 130 224 224 223
 226 227 227 226 226 226 191  49 162  54  34  34 129 227 225 222

 197 198 200 204 205 210 212 215 216 217 218 223 226 227 229 229
 196 198 201 204 204 209 212 215 216 217 217 221 225 228 229 230
 165 185 189 196 196 206 208 217 215 216 215 220 224 224 228 227
  13  15  30  25  48  54  62  65  72  94  90 108 115 124 134 132
  15  13  14  14  16  23  34  45  60  60  48  32  25  27  28  29
  13  13  18  40  97 154 185 198 198 197 203 188 147  72  32  30
  11  40 126 174 148 110  91  99  89  71  45  73 120 176 148  55
  91 142  92 103 155 190 209 213 215 215 208 182 129  73  98 166
  64  53 162 202 207 208 211 213 214 218 219 220 222 215 143  56
  56 182 200 202 206 208 209 212 212 217 218 221 224 227 228 187
 183 199 201 203 206 207 203 200 200 214 216 221 224 226 232 234
 196 198 199 204 206 142  55  27  40  73 166 218 224 228 234 236
 197 199 199 200 105  19  19  20  21  21  34 144 222 227 231 233
 197 199 200 153  25  16  18  18  20  21  23  37 196 227 233 236
 199 199 199  84  17  16  17  16  17  30  96  73 136 226 231 234
 196 198 198  49  17  18  19  18  21 120 217 214 142 226 231 234
 195 196 198 200 203 205 208 211 212 214 214 217 220 221 221 222
 194 195 198 201 202 206 208 211 211 212 213 216 219 221 222 223
 167 182 185 194 195 205 206 210 212 212 213 216 219 220 222 223
  13  14  29  21  40  38  57  64  71  93  90 104 107 116 129 128
  14  13  15  14  17  18  29  42  55  51  42  28  24  23  27  26
  12  12  15  33  93 151 184 194 197 196 201 185 139  62  24  27
  12  36 119 170 142  99  84  91  78  63  38  65 115 173 143  48
  91 140  85  97 155 191 206 210 211 212 207 178 125  64  96 161
  61  54 161 199 202 205 207 208 211 214 215 215 218 212 142  50
  55 181 198 201 203 206 207 209 209 212 214 216 220 222 223 184
 182 197 199 200 203 205 201 196 190 211 213 216 219 222 224 226
 194 197 198 199 201 132  50  25  33  68 162 214 218 222 224 225
 195 197 196 196 100  17  19  19  20  20  29 136 218 222 225 225
 195 197 197 147  24  16  17  17  17  20  22  31 192 221 225 225
 196 198 197  82  18  16  16  16  18  27  98  74 134 221 224 227
 194 197 197  51  16  15  18  18  19 119 212 209 140 219 223 226
 197 199 199 202 205 208 210 213 214 215 215 219 221 222 223 222
 197 198 199 202 203 207 209 212 214 214 215 217 220 223 224 225
 164 182 186 196 196 207 206 212 212 213 216 218 220 223 224 227
  15  14  26  20  41  42  59  63  65  84  83 102 107 115 130 129
  16  18  17  20  21  27  37  50  63  58  47  32  29  30  32  34
  15  15  19  46  99 161 188 195 197 197 202 190 146  72  28  34
  18  43 126 173 141  96  82  92  84  66  40  65 112 172 149  54
  97 139  87 103 166 197 211 212 214 213 209 182 131  66  91 162
  57  56 171 204 205 206 209 209 212 215 216 216 219 215 153  49
  65 187 200 203 205 207 208 210 212 214 215 218 220 224 224 191
 187 197 200 202 205 207 205 195 190 208 212 217 220 224 226 226
 198 200 200 201 204 128  49  24  33  65 160 216 220 223 226 226
 197 200 198 198  99  24  22  25  26  27  32 135 220 223 225 226
 197 200 200 148  27  21  21  25  26  21  24  38 192 221 225 227
 199 199 199  84  20  18  19  20  25  31 105  84 136 221 224 227
 196 198 198  52  19  20  21  20  25 125 213 211 148 219 224 226

 229 230 227 132  29  30  55 166  56 187 234 236 233 236 234 234
 229 229 228 134  28  32 148  98 143 228 232 234 231 233 231 231
 227 228 224 124  27  72 176  73 215 227 226 228 227 227 226 226
 226 225 224 115  25 147 120 129 222 224 224 224 222 196 136 142
 223 221 220 108  32 188  73 182 220 221 221 218 144  37  73 214
 218 217 215  90  48 203  45 208 219 218 216 166  34  23  96 217
 217 217 216  94  60 197  71 215 218 217 214  73  21  21  30 120
 216 216 215  72  60 198  89 215 214 212 200  40  21  20  17  21
 215 215 217  65  45 198  99 213 213 212 200  27  20  18  16  18
 212 212 208  62  34 185  91 209 211 209 203  55  19  18  17  19
 210 209 206  54  23 154 110 190 208 208 207 142  19  16  16  18
 205 204 196  48  16  97 148 155 207 206 206 206 105  25  17  17
 204 204 196  25  14  40 174 103 202 202 203 204 200 153  84  49
 200 201 189  30  14  18 126  92 162 200 201 199 199 200 199 198
 198 198 185  15  13  13  40 142  53 182 199 198 199 199 199 198
 197 196 165  13  15  13  11  91  64  56 183 196 197 197 199 196
 222 223 223 128  26  27  48 161  50 184 226 225 225 225 227 226
 221 222 222 129  27  24 143  96 142 223 224 224 225 225 224 223
 221 221 220 116  23  62 173  64 212 222 222 222 222 221 221 219
 220 219 219 107  24 139 115 125 218 220 219 218 218 192 134 140
 217 216 216 104  28 185  65 178 215 216 216 214 136  31  74 209
 214 213 213  90  42 201  38 207 215 214 213 162  29  22  98 212
 214 212 212  93  51 196  63 212 214 212 211  68  20  20  27 119
 212 211 212  71  55 197  78 211 211 209 190  33  20  17  18  19
 211 211 210  64  42 194  91 210 208 209 196  25  19  17  16  18
 208 208 206  57  29 184  84 206 207 207 201  50  19  17  16  18
 205 206 205  38  18 151  99 191 205 206 205 132  17  16  16  15
 203 202 195  40  17  93 142 155 202 203 203 201 100  24  18  16
 200 201 194  21  14  33 170  97 199 201 200 199 196 147  82  51
 198 198 185  29  15  15 119  85 161 198 199 198 196 197 197 197
 196 195 182  14  13  12  36 140  54 181 197 197 197 197 198 197
 195 194 167  13  14  12  12  91  61  55 182 194 195 195 196 194
 222 225 227 129  34  34  54 162  49 191 226 226 226 227 227 226
 223 224 224 130  32  28 149  91 153 224 226 226 225 225 224 224
 222 223 223 115  30  72 172  66 215 224 224 223 223 221 221 219
 221 220 220 107  29 146 112 131 219 220 220 220 220 192 136 148
 219 217 218 102  32 190  65 182 216 218 217 216 135  38  84 211
 215 215 216  83  47 202  40 209 216 215 212 160  32  24 105 213
 215 214 213  84  58 197  66 213 215 214 208  65  27  21  31 125
 214 214 212  65  63 197  84 214 212 212 190  33  26  26  25  25
 213 212 212  63  50 195  92 212 209 210 195  24  25  25  20  20
 210 209 206  59  37 188  82 211 209 208 205  49  22  21  19  21
 208 207 207  42  27 161  96 197 206 207 207 128  24  21  18  20
 205 203 196  41  21  99 141 166 205 205 205 204  99  27  20  19
 202 202 196  20  20  46 173 103 204 203 202 201 198 148  84  52
 199 199 186  26  17  19 126  87 171 200 200 200 198 200 199 198
 199 198 182  14  18  15  43 139  56 187 197 200 200 200 199 198
 197 197 164  15  16  15  18  97  57  65 187 198 197 197 199 196

