 253 254 254 255 255 255 254 254 254 254 254 154  72  67  63  63
 255 255 255 255 255 255 255 255 255 255 255 253 160  71  66  62
 255 255 255 255 255 255 255 255 255 255 255 253 248 104  68  64
 254 254 254 255 255 255 255 255 255 255 255 254 254 222  74  66
 126 184 254 255 255 255 255 255 255 255 255 254 254 253 102  68
 132  74 123 253 254 254 255 255 255 255 255 255 255 254 158  69
 174  69  66 214 253 255 254 254 255 255 255 254 254 254 200  67
  74  68  70 135 253 255 254 255 255 255 255 255 255 255 206  65
  68  66  70 163 254 254 255 255 255 255 255 255 254 254 223  65
  67  68  71 222 254 254 255 255 255 255 255 255 254 253 180  65
  68  75 157 252 255 255 255 255 255 255 255 255 254 253 149  68
 167 237 254 254 255 255 255 255 255 255 255 255 254 251  94  64
 255 255 255 255 255 255 255 255 255 255 255 254 254 184  63  76
 255 255 255 255 255 255 255 255 255 255 254 254 239  82  68 192
 255 255 255 255 255 255 255 255 255 255 254 251 125  67 108 254
 254 254 254 254 254 255 255 254 254 253 238 113  72 108 155 147
 254 254 254 255 255 255 254 254 254 254 255 167  70  66  65  65
 254 255 255 255 255 255 255 255 255 255 255 253 161  67  67  65
 255 255 255 255 255 255 255 255 255 255 255 254 248 100  68  65
 254 254 254 255 255 255 255 255 255 255 255 254 254 220  74  67
 125 185 254 255 255 255 255 255 255 255 255 254 254 254 104  69
 131  74 127 254 254 254 255 255 255 255 255 255 254 254 156  69
 172  70  70 212 254 254 255 255 255 255 255 255 254 254 199  67
  73  70  71 130 254 255 255 255 255 255 255 254 254 254 206  65
  68  70  73 162 254 254 255 255 255 255 255 254 254 254 224  63
  68  71  73 221 254 254 255 255 255 255 255 255 254 254 184  66
  71  79 159 253 255 255 255 255 255 255 255 255 254 254 147  68
 168 237 254 254 255 255 255 255 255 255 255 255 254 251  98  68
 255 255 255 255 255 255 255 255 255 255 255 254 254 188  67  80
 255 255 255 255 255 255 255 255 255 255 254 254 241  83  67 191
 255 255 255 255 255 255 255 255 255 255 254 252 127  70 106 254
 254 254 255 254 255 255 255 254 254 254 241 122  71 113 153 148
 253 254 254 255 255 255 254 254 254 255 254 168  74  71  67  65
 255 255 255 255 255 255 255 255 255 255 255 253 161  75  68  65
 255 255 255 255 255 255 255 255 255 255 255 254 249 105  70  65
 254 253 254 255 255 255 255 255 255 255 255 253 254 219  76  67
 127 182 253 254 255 255 255 255 255 255 255 254 254 253 110  67
 139  75 117 251 254 254 255 255 255 255 255 254 254 254 162  70
 177  73  63 199 254 254 255 255 255 255 255 255 254 254 201  68
  75  69  71 132 254 255 255 255 255 255 255 254 254 254 208  70
  69  69  74 157 254 254 255 255 255 255 255 254 254 254 224  75
  69  71  73 220 254 254 255 255 255 255 255 255 254 254 189  69
  73  82 160 252 255 255 255 255 255 255 255 255 253 254 156  72
 168 237 254 254 255 255 255 255 255 255 255 255 254 252 112  70
 255 255 255 255 255 255 255 255 255 255 255 254 253 188  69  78
 255 255 255 255 255 255 255 255 255 255 254 254 242  95  72 187
 255 255 255 255 255 255 255 255 255 255 254 252 132  77 114 254
 254 254 255 254 254 255 255 254 254 253 243 126  76 109 149 144

  63  62  64  66  68  69  67  65  65  65  68  64  76 192 254 147
  63  66  68  74 102 158 200 206 223 180 149  94  63  68 108 155
  67  71 104 222 253 254 254 255 254 253 253 251 184  82  67 108
  72 160 248 254 254 255 254 255 254 254 254 254 254 239 125  72
 154 253 253 254 254 255 254 255 255 255 255 255 254 254 251 113
 254 255 255 255 255 255 255 255 255 255 255 255 255 254 254 238
 254 255 255 255 255 255 255 255 255 255 255 255 255 255 255 253
 254 255 255 255 255 255 255 255 255 255 255 255 255 255 255 254
 254 255 255 255 255 255 254 255 255 255 255 255 255 255 255 254
 254 255 255 255 255 255 254 254 255 255 255 255 255 255 255 255
 255 255 255 255 255 254 255 255 254 254 255 255 255 255 255 255
 255 255 255 255 255 254 253 253 254 254 255 255 255 255 255 254
 255 255 255 255 255 253 214 135 163 222 252 254 255 255 255 254
 254 255 255 254 254 123  66  70  70  71 157 254 255 255 255 254
 254 255 255 254 184  74  69  68  66  68  75 237 255 255 255 254
 253 255 255 254 126 132 174  74  68  67  68 167 255 255 255 254
  65  65  65  67  69  69  67  65  63  66  68  68  80 191 254 148
  65  67  68  74 104 156 199 206 224 184 147  98  67  67 106 153
  66  67 100 220 254 254 254 254 254 254 254 251 188  83  70 113
  70 161 248 254 254 254 254 254 254 254 254 254 254 241 127  71
 167 253 254 254 254 255 255 254 254 255 255 255 254 254 252 122
 255 255 255 255 255 255 255 255 255 255 255 255 255 254 254 241
 254 255 255 255 255 255 255 255 255 255 255 255 255 255 255 254
 254 255 255 255 255 255 255 255 255 255 255 255 255 255 255 254
 254 255 255 255 255 255 255 255 255 255 255 255 255 255 255 254
 254 255 255 255 255 255 255 255 255 255 255 255 255 255 255 255
 255 255 255 255 255 254 254 255 254 254 255 255 255 255 255 255
 255 255 255 255 255 254 254 254 254 254 255 255 255 255 255 255
 255 255 255 255 255 254 212 130 162 221 253 254 255 255 255 254
 254 255 255 254 254 127  70  71  73  73 159 254 255 255 255 255
 254 255 255 254 185  74  70  70  70  71  79 237 255 255 255 254
 254 254 255 254 125 131 172  73  68  68  71 168 255 255 255 254
  65  65  65  67  67  70  68  70  75  69  72  70  78 187 254 144
  67  68  70  76 110 162 201 208 224 189 156 112  69  72 114 149
  71  75 105 219 253 254 254 254 254 254 254 252 188  95  77 109
  74 161 249 254 254 254 254 254 254 254 253 254 253 242 132  76
 168 253 254 253 254 254 255 254 254 255 255 255 254 254 252 126
 254 255 255 255 255 255 255 255 255 255 255 255 255 254 254 243
 255 255 255 255 255 255 255 255 255 255 255 255 255 255 255 253
 254 255 255 255 255 255 255 255 255 255 255 255 255 255 255 254
 254 255 255 255 255 255 255 255 255 255 255 255 255 255 255 254
 254 255 255 255 255 255 255 255 255 255 255 255 255 255 255 255
 255 255 255 255 255 254 254 255 254 254 255 255 255 255 255 255
 255 255 255 255 255 254 254 254 254 254 255 255 255 255 255 254
 255 255 255 255 254 251 199 132 157 220 252 254 255 255 255 254
 254 255 255 254 253 117  63  71  74  73 160 254 255 255 255 255
 254 255 255 253 182  75  73  69  69  71  82 237 255 255 255 254
 253 255 255 254 127 139 177  75  69  69  73 168 255 255 255 254

 147 155 108  72 113 238 253 254 254 255 255 254 254 254 254 254
 254 108  67 125 251 254 255 255 255 255 255 255 255 255 255 255
 192  68  82 239 254 254 255 255 255 255 255 255 255 255 255 255
  76  63 184 254 254 255 255 255 255 255 255 255 255 255 255 255
  64  94 251 254 255 255 255 255 255 255 255 255 254 254 237 167
  68 149 253 254 255 255 255 255 255 255 255 255 252 157  75  68
  65 180 253 254 255 255 255 255 255 255 254 254 222  71  68  67
  65 223 254 254 255 255 255 255 255 255 254 254 163  70  66  68
  65 206 255 255 255 255 255 255 255 254 255 253 135  70  68  74
  67 200 254 254 254 255 255 255 254 254 255 253 214  66  69 174
  69 158 254 255 255 255 255 255 255 255 254 254 253 123  74 132
  68 102 253 254 254 255 255 255 255 255 255 255 255 254 184 126
  66  74 222 254 254 255 255 255 255 255 255 255 255 254 254 254
  64  68 104 248 253 255 255 255 255 255 255 255 255 255 255 255
  62  66  71 160 253 255 255 255 255 255 255 255 255 255 255 255
  63  63  67  72 154 254 254 254 254 254 255 255 255 254 254 253
 148 153 113  71 122 241 254 254 254 255 255 255 254 255 254 254
 254 106  70 127 252 254 255 255 255 255 255 255 255 255 255 255
 191  67  83 241 254 254 255 255 255 255 255 255 255 255 255 255
  80  67 188 254 254 255 255 255 255 255 255 255 255 255 255 255
  68  98 251 254 255 255 255 255 255 255 255 255 254 254 237 168
  68 147 254 254 255 255 255 255 255 255 255 255 253 159  79  71
  66 184 254 254 255 255 255 255 255 255 254 254 221  73  71  68
  63 224 254 254 254 255 255 255 255 255 254 254 162  73  70  68
  65 206 254 254 254 255 255 255 255 255 255 254 130  71  70  73
  67 199 254 254 255 255 255 255 255 255 254 254 212  70  70 172
  69 156 254 254 255 255 255 255 255 255 254 254 254 127  74 131
  69 104 254 254 254 255 255 255 255 255 255 255 255 254 185 125
  67  74 220 254 254 255 255 255 255 255 255 255 255 254 254 254
  65  68 100 248 254 255 255 255 255 255 255 255 255 255 255 255
  65  67  67 161 253 255 255 255 255 255 255 255 255 255 255 254
  65  65  66  70 167 255 254 254 254 254 255 255 255 254 254 254
 144 149 109  76 126 243 253 254 254 255 255 254 254 255 254 254
 254 114  77 132 252 254 255 255 255 255 255 255 255 255 255 255
 187  72  95 242 254 254 255 255 255 255 255 255 255 255 255 255
  78  69 188 253 254 255 255 255 255 255 255 255 255 255 255 255
  70 112 252 254 255 255 255 255 255 255 255 255 254 254 237 168
  72 156 254 253 255 255 255 255 255 255 255 255 252 160  82  73
  69 189 254 254 255 255 255 255 255 255 254 254 220  73  71  69
  75 224 254 254 254 255 255 255 255 255 254 254 157  74  69  69
  70 208 254 254 254 255 255 255 255 255 255 254 132  71  69  75
  68 201 254 254 255 255 255 255 255 255 254 254 199  63  73 177
  70 162 254 254 254 255 255 255 255 255 254 254 251 117  75 139
  67 110 253 254 254 255 255 255 255 255 255 255 254 253 182 127
  67  76 219 254 253 255 255 255 255 255 255 255 255 254 253 254
  65  70 105 249 254 255 255 255 255 255 255 255 255 255 255 255
  65  68  75 161 253 255 255 255 255 255 255 255 255 255 255 255
  65  67  71  74 168 254 255 254 254 254 255 255 255 254 254 253

 254 255 255 255 167  68  67  68  74 174 132 126 254 255 255 253
 254 255 255 255 237  75  68  66  68  69  74 184 254 255 255 254
 254 255 255 255 254 157  71  70  70  66 123 254 254 255 255 254
 254 255 255 255 254 252 222 163 135 214 253 255 255 255 255 255
 254 255 255 255 255 255 254 254 253 253 254 255 255 255 255 255
 255 255 255 255 255 255 254 254 255 255 254 255 255 255 255 255
 255 255 255 255 255 255 255 255 254 254 255 255 255 255 255 254
 254 255 255 255 255 255 255 255 255 254 255 255 255 255 255 254
 254 255 255 255 255 255 255 255 255 255 255 255 255 255 255 254
 253 255 255 255 255 255 255 255 255 255 255 255 255 255 255 254
 238 254 254 255 255 255 255 255 255 255 255 255 255 255 255 254
 113 251 254 254 255 255 255 255 255 254 255 254 254 253 253 154
  72 125 239 254 254 254 254 254 255 254 255 254 254 248 160  72
 108  67  82 184 251 253 253 254 255 254 254 253 222 104  71  67
 155 108  68  63  94 149 180 223 206 200 158 102  74  68  66  63
 147 254 192  76  64  68  65  65  65  67  69  68  66  64  62  63
 254 255 255 255 168  71  68  68  73 172 131 125 254 255 254 254
 254 255 255 255 237  79  71  70  70  70  74 185 254 255 255 254
 255 255 255 255 254 159  73  73  71  70 127 254 254 255 255 254
 254 255 255 255 254 253 221 162 130 212 254 255 255 255 255 255
 255 255 255 255 255 255 254 254 254 254 254 255 255 255 255 255
 255 255 255 255 255 255 254 254 255 254 254 255 255 255 255 255
 255 255 255 255 255 255 255 255 255 255 255 255 255 255 255 254
 254 255 255 255 255 255 255 255 255 255 255 255 255 255 255 254
 254 255 255 255 255 255 255 255 255 255 255 255 255 255 255 254
 254 255 255 255 255 255 255 255 255 255 255 255 255 255 255 254
 241 254 254 255 255 255 255 255 255 255 255 255 255 255 255 255
 122 252 254 254 255 255 255 254 254 255 255 254 254 254 253 167
  71 127 241 254 254 254 254 254 254 254 254 254 254 248 161  70
 113  70  83 188 251 254 254 254 254 254 254 254 220 100  67  66
 153 106  67  67  98 147 184 224 206 199 156 104  74  68  67  65
 148 254 191  80  68  68  66  63  65  67  69  69  67  65  65  65
 254 255 255 255 168  73  69  69  75 177 139 127 254 255 255 253
 254 255 255 255 237  82  71  69  69  73  75 182 253 255 255 254
 255 255 255 255 254 160  73  74  71  63 117 253 254 255 255 254
 254 255 255 255 254 252 220 157 132 199 251 254 255 255 255 255
 254 255 255 255 255 255 254 254 254 254 254 255 255 255 255 255
 255 255 255 255 255 255 254 254 255 254 254 255 255 255 255 255
 255 255 255 255 255 255 255 255 255 255 255 255 255 255 255 254
 254 255 255 255 255 255 255 255 255 255 255 255 255 255 255 254
 254 255 255 255 255 255 255 255 255 255 255 255 255 255 255 254
 253 255 255 255 255 255 255 255 255 255 255 255 255 255 255 255
 243 254 254 255 255 255 255 255 255 255 255 255 255 255 255 254
 126 252 254 254 255 255 255 254 254 255 254 254 253 254 253 168
  76 132 242 253 254 253 254 254 254 254 254 254 254 249 161  74
 109  77  95 188 252 254 254 254 254 254 254 253 219 105  75  71
 149 114  72  69 112 156 189 224 208 201 162 110  76  70  68  67
 144 254 187  78  70  72  69  75  70  68  70  67  67  65  65  65

