 250 251 250 250 250 250 249 249 248 239 163  76  48  33  34  38
 251 250 249 250 249 248 246 247 245 244 240 166  42  35  33  34
 248 248 246 246 246 242 243 242 239 240 239 236 136  37  34  35
 244 244 242 242 241 239 238 238 237 237 234 234 219 105 118 109
 242 238 237 237 236 235 234 235 234 233 228 164  70  37  88 135
 236 234 233 234 233 230 230 231 230 187  70  40  56 146 143  41
 229 229 229 228 227 228 227 225 150  37  34 104 171  80  26  26
 227 226 227 226 224 224 218  95  31  47 151 124  36  27  27  26
 151 107 123 188 219 203  67  28  56 161  74  28  25  27  26  27
  28  30  51  59 119  45  26  69 147  41  27  24  24  25  25  25
  27  73 206 161  26  27  71 111  24  20  24  24  20  24  24  26
  30  90 175  43  26  46  76  24  21  22  22  22  20  23  24  26
  25  28  31  23  24  32  24  23  20  20  21  23  24  24  25  25
  23  24  23  22  23  23  23  24  22  21  20  23  40  25  26  28
  22  23  24  25  23  25  23  21  23  23  31 107  58  27  27  31
  21  42  84  25  23  23  23  22  25  59 144  63  27  26  27  32
 249 249 247 245 243 241 239 239 238 229 158  71  41  33  33  35
 245 243 242 240 238 236 236 235 235 234 233 165  41  33  32  33
 238 237 236 235 234 232 233 232 232 231 231 229 132  35  34  33
 233 233 232 232 231 230 229 230 230 229 228 227 214 106 116 105
 231 230 229 228 228 227 227 227 226 226 222 156  68  37  86 132
 228 227 227 227 226 225 225 225 224 181  69  38  53 147 141  41
 225 225 224 223 222 223 222 222 150  34  34 100 169  78  27  29
 222 221 221 221 220 220 216  95  30  44 150 125  37  28  27  28
 150 101 117 180 217 201  64  28  52 159  73  27  26  26  26  26
  29  29  49  53 113  48  24  65 146  42  25  23  24  26  25  27
  26  67 204 162  28  27  66 110  25  22  24  23  21  24  25  26
  28  81 173  41  24  42  77  23  22  22  22  23  22  23  24  25
  25  27  32  25  23  31  25  23  21  21  22  23  25  24  25  27
  24  24  24  24  24  23  24  23  22  23  22  24  41  26  28  28
  25  23  24  25  25  25  25  23  21  23  31 106  55  26  28  30
  23  41  87  25  25  23  24  23  25  57 144  62  28  26  28  33
 252 252 251 252 250 251 249 248 247 236 161  77  46  37  40  39
 251 251 249 249 247 246 243 244 242 241 238 164  46  38  37  37
 248 248 245 244 242 242 240 239 238 238 238 236 133  44  39  39
 243 242 239 239 238 237 237 236 236 235 234 234 217 111 124 105
 238 237 237 235 234 233 234 233 232 232 225 158  71  41  94 126
 233 234 233 233 230 232 229 230 231 185  77  46  60 149 142  46
 230 231 230 229 228 229 228 227 153  41  38 106 173  81  32  32
 226 226 226 227 226 226 219  99  36  49 155 127  43  32  31  32
 153 106 122 186 223 205  69  31  56 162  77  33  30  29  30  32
  36  33  53  57 116  51  29  72 149  48  31  29  28  29  31  32
  31  74 212 164  23  29  70 115  30  26  26  27  27  30  31  33
  31  86 179  45  30  46  77  28  28  27  26  28  26  29  29  31
  29  29  38  32  30  40  29  27  25  26  25  28  30  29  30  31
  27  28  25  28  27  27  27  29  28  28  27  30  41  28  31  33
  28  29  31  29  30  28  27  26  29  31  34 111  60  31  32  36
  30  45  93  35  30  29  28  28  32  62 145  68  34  32  35  37

  38  34  35 109 135  41  26  26  27  25  26  26  25  28  31  32
  34  33  34 118  88 143  26  27  26  25  24  24  25  26  27  27
  33  35  37 105  37 146  80  27  27  25  24  23  24  25  27  26
  48  42 136 219  70  56 171  36  25  24  20  20  24  40  58  27
  76 166 236 234 164  40 104 124  28  24  24  22  23  23 107  63
 163 240 239 234 228  70  34 151  74  27  24  22  21  20  31 144
 239 244 240 237 233 187  37  47 161  41  20  22  20  21  23  59
 248 245 239 237 234 230 150  31  56 147  24  21  20  22  23  25
 249 247 242 238 235 231 225  95  28  69 111  24  23  24  21  22
 249 246 243 238 234 230 227 218  67  26  71  76  24  23  23  23
 250 248 242 239 235 230 228 224 203  45  27  46  32  23  25  23
 250 249 246 241 236 233 227 224 219 119  26  26  24  23  23  23
 250 250 246 242 237 234 228 226 188  59 161  43  23  22  25  25
 250 249 246 242 237 233 229 227 123  51 206 175  31  23  24  84
 251 250 248 244 238 234 229 226 107  30  73  90  28  24  23  42
 250 251 248 244 242 236 229 227 151  28  27  30  25  23  22  21
  35  33  33 105 132  41  29  28  26  27  26  25  27  28  30  33
  33  32  34 116  86 141  27  27  26  25  25  24  25  28  28  28
  33  33  35 106  37 147  78  28  26  26  24  23  24  26  26  26
  41  41 132 214  68  53 169  37  26  24  21  22  25  41  55  28
  71 165 229 227 156  38 100 125  27  23  23  23  23  24 106  62
 158 233 231 228 222  69  34 150  73  25  24  22  22  22  31 144
 229 234 231 229 226 181  34  44 159  42  22  22  21  23  23  57
 238 235 232 230 226 224 150  30  52 146  25  22  21  22  21  25
 239 235 232 230 227 225 222  95  28  65 110  23  23  23  23  23
 239 236 233 229 227 225 222 216  64  24  66  77  25  24  25  24
 241 236 232 230 227 225 223 220 201  48  27  42  31  23  25  23
 243 238 234 231 228 226 222 220 217 113  28  24  23  24  25  25
 245 240 235 232 228 227 223 221 180  53 162  41  25  24  25  25
 247 242 236 232 229 227 224 221 117  49 204 173  32  24  24  87
 249 243 237 233 230 227 225 221 101  29  67  81  27  24  23  41
 249 245 238 233 231 228 225 222 150  29  26  28  25  24  25  23
  39  37  39 105 126  46  32  32  32  32  33  31  31  33  36  37
  40  37  39 124  94 142  32  31  30  31  31  29  30  31  32  35
  37  38  44 111  41 149  81  32  29  29  30  29  29  28  31  32
  46  46 133 217  71  60 173  43  30  28  27  26  30  41  60  34
  77 164 236 234 158  46 106 127  33  29  27  28  28  30 111  68
 161 238 238 234 225  77  38 155  77  31  26  26  25  27  34 145
 236 241 238 235 232 185  41  49 162  48  26  27  26  28  31  62
 247 242 238 236 232 231 153  36  56 149  30  28  25  28  29  32
 248 244 239 236 233 230 227  99  31  72 115  28  27  29  26  28
 249 243 240 237 234 229 228 219  69  29  70  77  29  27  27  28
 251 246 242 237 233 232 229 226 205  51  29  46  40  27  28  29
 250 247 242 238 234 230 228 226 223 116  23  30  30  27  30  30
 252 249 244 239 235 233 229 227 186  57 164  45  32  28  29  35
 251 249 245 239 237 233 230 226 122  53 212 179  38  25  31  93
 252 251 248 242 237 234 231 226 106  33  74  86  29  28  29  45
 252 251 248 243 238 233 230 226 153  36  31  31  29  27  28  30

  32  27  26  27  63 144  59  25  22  23  23  23  25  84  42  21
  31  27  27  58 107  31  23  23  21  23  25  23  25  24  23  22
  28  26  25  40  23  20  21  22  24  23  23  23  22  23  24  23
  25  25  24  24  23  21  20  20  23  24  32  24  23  31  28  25
  26  24  23  20  22  22  22  21  24  76  46  26  43 175  90  30
  26  24  24  20  24  24  20  24 111  71  27  26 161 206  73  27
  25  25  25  24  24  27  41 147  69  26  45 119  59  51  30  28
  27  26  27  25  28  74 161  56  28  67 203 219 188 123 107 151
  26  27  27  36 124 151  47  31  95 218 224 224 226 227 226 227
  26  26  80 171 104  34  37 150 225 227 228 227 228 229 229 229
  41 143 146  56  40  70 187 230 231 230 230 233 234 233 234 236
 135  88  37  70 164 228 233 234 235 234 235 236 237 237 238 242
 109 118 105 219 234 234 237 237 238 238 239 241 242 242 244 244
  35  34  37 136 236 239 240 239 242 243 242 246 246 246 248 248
  34  33  35  42 166 240 244 245 247 246 248 249 250 249 250 251
  38  34  33  48  76 163 239 248 249 249 250 250 250 250 251 250
  33  28  26  28  62 144  57  25  23  24  23  25  25  87  41  23
  30  28  26  55 106  31  23  21  23  25  25  25  25  24  23  25
  28  28  26  41  24  22  23  22  23  24  23  24  24  24  24  24
  27  25  24  25  23  22  21  21  23  25  31  23  25  32  27  25
  25  24  23  22  23  22  22  22  23  77  42  24  41 173  81  28
  26  25  24  21  23  24  22  25 110  66  27  28 162 204  67  26
  27  25  26  24  23  25  42 146  65  24  48 113  53  49  29  29
  26  26  26  26  27  73 159  52  28  64 201 217 180 117 101 150
  28  27  28  37 125 150  44  30  95 216 220 220 221 221 221 222
  29  27  78 169 100  34  34 150 222 222 223 222 223 224 225 225
  41 141 147  53  38  69 181 224 225 225 225 226 227 227 227 228
 132  86  37  68 156 222 226 226 227 227 227 228 228 229 230 231
 105 116 106 214 227 228 229 230 230 229 230 231 232 232 233 233
  33  34  35 132 229 231 231 232 232 233 232 234 235 236 237 238
  33  32  33  41 165 233 234 235 235 236 236 238 240 242 243 245
  35  33  33  41  71 158 229 238 239 239 241 243 245 247 249 249
  37  35  32  34  68 145  62  32  28  28  29  30  35  93  45  30
  36  32  31  60 111  34  31  29  26  27  28  30  29  31  29  28
  33  31  28  41  30  27  28  28  29  27  27  27  28  25  28  27
  31  30  29  30  28  25  26  25  27  29  40  30  32  38  29  29
  31  29  29  26  28  26  27  28  28  77  46  30  45 179  86  31
  33  31  30  27  27  26  26  30 115  70  29  23 164 212  74  31
  32  31  29  28  29  31  48 149  72  29  51 116  57  53  33  36
  32  30  29  30  33  77 162  56  31  69 205 223 186 122 106 153
  32  31  32  43 127 155  49  36  99 219 226 226 227 226 226 226
  32  32  81 173 106  38  41 153 227 228 229 228 229 230 231 230
  46 142 149  60  46  77 185 231 230 229 232 230 233 233 234 233
 126  94  41  71 158 225 232 232 233 234 233 234 235 237 237 238
 105 124 111 217 234 234 235 236 236 237 237 238 239 239 242 243
  39  39  44 133 236 238 238 238 239 240 242 242 244 245 248 248
  37  37  38  46 164 238 241 242 244 243 246 247 249 249 251 251
  39  40  37  46  77 161 236 247 248 249 251 250 252 251 252 252

  21  22  23  25  30  27  28 151 227 229 236 242 244 248 251 250
  42  23  24  28  90  73  30 107 226 229 234 238 244 248 250 251
  84  24  23  31 175 206  51 123 227 229 233 237 242 246 249 250
  25  25  22  23  43 161  59 188 226 228 234 237 242 246 250 250
  23  23  23  24  26  26 119 219 224 227 233 236 241 246 249 250
  23  25  23  32  46  27  45 203 224 228 230 235 239 242 248 250
  23  23  23  24  76  71  26  67 218 227 230 234 238 243 246 249
  22  21  24  23  24 111  69  28  95 225 231 235 238 242 247 249
  25  23  22  20  21  24 147  56  31 150 230 234 237 239 245 248
  59  23  21  20  22  20  41 161  47  37 187 233 237 240 244 239
 144  31  20  21  22  24  27  74 151  34  70 228 234 239 240 163
  63 107  23  23  22  24  24  28 124 104  40 164 234 236 166  76
  27  58  40  24  20  20  24  25  36 171  56  70 219 136  42  48
  26  27  25  24  23  24  25  27  27  80 146  37 105  37  35  33
  27  27  26  25  24  24  25  26  27  26 143  88 118  34  33  34
  32  31  28  25  26  26  25  27  26  26  41 135 109  35  34  38
  23  25  24  25  28  26  29 150 222 225 228 231 233 238 245 249
  41  23  24  27  81  67  29 101 221 225 227 230 233 237 243 249
  87  24  24  32 173 204  49 117 221 224 227 229 232 236 242 247
  25  25  24  25  41 162  53 180 221 223 227 228 232 235 240 245
  25  25  24  23  24  28 113 217 220 222 226 228 231 234 238 243
  23  25  23  31  42  27  48 201 220 223 225 227 230 232 236 241
  24  25  24  25  77  66  24  64 216 222 225 227 229 233 236 239
  23  23  23  23  23 110  65  28  95 222 225 227 230 232 235 239
  25  21  22  21  22  25 146  52  30 150 224 226 230 232 235 238
  57  23  23  21  22  22  42 159  44  34 181 226 229 231 234 229
 144  31  22  22  22  24  25  73 150  34  69 222 228 231 233 158
  62 106  24  23  23  23  23  27 125 100  38 156 227 229 165  71
  28  55  41  25  22  21  24  26  37 169  53  68 214 132  41  41
  26  26  26  24  23  24  26  26  28  78 147  37 106  35  33  33
  28  28  28  25  24  25  25  26  27  27 141  86 116  34  32  33
  33  30  28  27  25  26  27  26  28  29  41 132 105  33  33  35
  30  28  27  29  31  31  36 153 226 230 233 238 243 248 251 252
  45  29  28  29  86  74  33 106 226 231 234 237 242 248 251 252
  93  31  25  38 179 212  53 122 226 230 233 237 239 245 249 251
  35  29  28  32  45 164  57 186 227 229 233 235 239 244 249 252
  30  30  27  30  30  23 116 223 226 228 230 234 238 242 247 250
  29  28  27  40  46  29  51 205 226 229 232 233 237 242 246 251
  28  27  27  29  77  70  29  69 219 228 229 234 237 240 243 249
  28  26  29  27  28 115  72  31  99 227 230 233 236 239 244 248
  32  29  28  25  28  30 149  56  36 153 231 232 236 238 242 247
  62  31  28  26  27  26  48 162  49  41 185 232 235 238 241 236
 145  34  27  25  26  26  31  77 155  38  77 225 234 238 238 161
  68 111  30  28  28  27  29  33 127 106  46 158 234 236 164  77
  34  60  41  30  26  27  28  30  43 173  60  71 217 133  46  46
  32  31  28  29  29  30  29  29  32  81 149  41 111  44  38  37
  35  32  31  30  29  31  31  30  31  32 142  94 124  39  37  40
  37  36  33  31  31  33  32  32  32  32  46 126 105  39  37  39

