 198 224 201 107  76 123 199 135 193 231 228 223 103  57 157 215
 120 191 220 225 155  91 104 185 115 173 224 185  71 149 220 217
  78 108 150 189 234 214 145  99 134  72 136 207 202 221 221 218
  77  93 172 162 112 130 161 173 135  76  58  89 169 214 219 218
  77  73  83 150 207 165 118  95 125  64  56  53  60 103 174 213
  90  77  72  72  87 132 164 150  82  57  60  67  76  76  66  98
 115  76  72  69  67  68  68  66  68 131 191 214 216 212 192 146
 118  76  70  68  67  67  65  91 196 231 229 225 223 220 219 217
 113  74  70  69  66  67 100 221 233 232 228 226 223 221 219 216
  88  73  69  69  65  78 211 239 234 232 226 226 224 222 220 217
  77  73  70  70  69 146 242 203 146 132 168 216 224 222 218 215
  76  73  71  70  74 211 175  74  62  59  62 114 212 221 218 214
  76  74  71  71  94 225  81  63  61  60  57  60 158 221 217 214
  75  73  73  71 112 187  68  65  71  94  62  57 115 220 217 215
  75  73  73  71 113 194  68  84 208 222 134  60 122 220 217 214
  75  73  72  70  97 217  96 118 230 231 164  65 173 219 218 214
 194 220 197 104  74 121 199 131 194 231 228 223 108  56 156 216
 115 188 219 222 154  88 103 185 111 173 224 186  72 149 221 218
  76 104 147 189 230 210 139  98 136  71 135 209 201 221 221 217
  75  91 171 156 108 130 159 173 134  78  59  89 172 215 219 217
  76  74  82 148 205 162 111  91 128  68  55  53  60 106 175 214
  90  76  72  72  84 131 164 150  82  60  60  65  72  72  63  96
 110  76  72  70  68  68  68  66  69 129 188 213 216 213 191 144
 119  75  72  69  68  67  66  90 195 229 228 225 224 221 219 217
 113  74  71  69  66  67 100 220 231 231 229 226 223 221 220 217
  88  74  70  69  66  78 211 236 232 231 226 225 223 222 220 217
  79  73  71  71  70 145 239 200 142 128 165 216 223 222 219 216
  76  74  71  70  75 209 173  70  61  59  62 112 212 221 219 215
  75  73  73  71  93 224  80  64  61  59  59  59 155 220 217 215
  75  73  73  71 109 188  68  65  72  92  61  58 115 220 218 216
  74  73  73  71 111 192  71  84 206 221 133  59 121 220 217 215
  75  73  72  69  93 217  95 116 229 229 163  63 173 219 217 215
 195 221 195  98  78 131 200 133 202 233 230 228 115  62 158 217
 120 191 220 221 146  84 108 189 114 181 228 187  72 148 222 220
  79 106 148 193 234 206 133  97 139  74 144 214 204 223 222 221
  78  93 174 155 109 135 165 177 133  78  63  97 180 219 222 220
  77  75  84 155 207 158 106  86 131  74  60  57  63 111 182 218
  88  78  73  74  90 138 169 154  87  63  62  63  70  69  64 101
 110  78  75  71  69  71  72  70  69 128 184 213 218 211 191 139
 118  75  73  70  70  69  68  92 195 231 229 228 226 224 221 219
 113  76  73  70  69  69 104 223 235 232 232 228 226 223 222 221
  92  76  72  71  70  82 214 237 235 235 233 228 226 224 222 219
  82  75  72  72  71 150 245 207 145 134 175 221 226 224 222 219
  79  75  72  73  76 215 176  74  63  61  63 118 217 224 222 218
  77  76  74  72  98 227  84  66  64  64  61  60 159 223 221 219
  76  74  74  73 115 191  71  66  75  92  60  60 119 223 221 218
  76  77  75  71 115 193  70  86 208 225 133  65 128 225 221 218
  77  76  74  72  93 221  95 120 236 232 167  67 178 223 221 218

 215 217 218 218 213  98 146 217 216 217 215 214 214 215 214 214
 157 220 221 219 174  66 192 219 219 220 218 218 217 217 217 218
  57 149 221 214 103  76 212 220 221 222 222 221 221 220 220 219
 103  71 202 169  60  76 216 223 223 224 224 212 158 115 122 173
 223 185 207  89  53  67 214 225 226 226 216 114  60  57  60  65
 228 224 136  58  56  60 191 229 228 226 168  62  57  62 134 164
 231 173  72  76  64  57 131 231 232 232 132  59  60  94 222 231
 193 115 134 135 125  82  68 196 233 234 146  62  61  71 208 230
 135 185  99 173  95 150  66  91 221 239 203  74  63  65  84 118
 199 104 145 161 118 164  68  65 100 211 242 175  81  68  68  96
 123  91 214 130 165 132  68  67  67  78 146 211 225 187 194 217
  76 155 234 112 207  87  67  67  66  65  69  74  94 112 113  97
 107 225 189 162 150  72  69  68  69  69  70  70  71  71  71  70
 201 220 150 172  83  72  72  70  70  69  70  71  71  73  73  72
 224 191 108  93  73  77  76  76  74  73  73  73  74  73  73  73
 198 120  78  77  77  90 115 118 113  88  77  76  76  75  75  75
 216 218 217 217 214  96 144 217 217 217 216 215 215 216 215 215
 156 221 221 219 175  63 191 219 220 220 219 219 217 218 217 217
  56 149 221 215 106  72 213 221 221 222 222 221 220 220 220 219
 108  72 201 172  60  72 216 224 223 223 223 212 155 115 121 173
 223 186 209  89  53  65 213 225 226 225 216 112  59  58  59  63
 228 224 135  59  55  60 188 228 229 226 165  62  59  61 133 163
 231 173  71  78  68  60 129 229 231 231 128  59  59  92 221 229
 194 111 136 134 128  82  69 195 231 232 142  61  61  72 206 229
 131 185  98 173  91 150  66  90 220 236 200  70  64  65  84 116
 199 103 139 159 111 164  68  66 100 211 239 173  80  68  71  95
 121  88 210 130 162 131  68  67  67  78 145 209 224 188 192 217
  74 154 230 108 205  84  68  68  66  66  70  75  93 109 111  93
 104 222 189 156 148  72  70  69  69  69  71  70  71  71  71  69
 197 219 147 171  82  72  72  72  71  70  71  71  73  73  73  72
 220 188 104  91  74  76  76  75  74  74  73  74  73  73  73  73
 194 115  76  75  76  90 110 119 113  88  79  76  75  75  74  75
 217 220 221 220 218 101 139 219 221 219 219 218 219 218 218 218
 158 222 222 222 182  64 191 221 222 222 222 222 221 221 221 221
  62 148 223 219 111  69 211 224 223 224 224 224 223 223 225 223
 115  72 204 180  63  70 218 226 226 226 226 217 159 119 128 178
 228 187 214  97  57  63 213 228 228 228 221 118  60  60  65  67
 230 228 144  63  60  62 184 229 232 233 175  63  61  60 133 167
 233 181  74  78  74  63 128 231 232 235 134  61  64  92 225 232
 202 114 139 133 131  87  69 195 235 235 145  63  64  75 208 236
 133 189  97 177  86 154  70  92 223 237 207  74  66  66  86 120
 200 108 133 165 106 169  72  68 104 214 245 176  84  71  70  95
 131  84 206 135 158 138  71  69  69  82 150 215 227 191 193 221
  78 146 234 109 207  90  69  70  69  70  71  76  98 115 115  93
  98 221 193 155 155  74  71  70  70  71  72  73  72  73  71  72
 195 220 148 174  84  73  75  73  73  72  72  72  74  74  75  74
 221 191 106  93  75  78  78  75  76  76  75  75  76  74  77  76
 195 120  79  78  77  88 110 118 113  92  82  79  77  76  76  77

 214 218 219 173  65 164 231 230 118  96 217  97  70  72  73  75
 214 217 220 122  60 134 222 208  84  68 194 113  71  73  73  75
 215 217 220 115  57  62  94  71  65  68 187 112  71  73  73  75
 214 217 221 158  60  57  60  61  63  81 225  94  71  71  74  76
 214 218 221 212 114  62  59  62  74 175 211  74  70  71  73  76
 215 218 222 224 216 168 132 146 203 242 146  69  70  70  73  77
 217 220 222 224 226 226 232 234 239 211  78  65  69  69  73  88
 216 219 221 223 226 228 232 233 221 100  67  66  69  70  74 113
 217 219 220 223 225 229 231 196  91  65  67  67  68  70  76 118
 146 192 212 216 214 191 131  68  66  68  68  67  69  72  76 115
  98  66  76  76  67  60  57  82 150 164 132  87  72  72  77  90
 213 174 103  60  53  56  64 125  95 118 165 207 150  83  73  77
 218 219 214 169  89  58  76 135 173 161 130 112 162 172  93  77
 218 221 221 202 207 136  72 134  99 145 214 234 189 150 108  78
 217 220 149  71 185 224 173 115 185 104  91 155 225 220 191 120
 215 157  57 103 223 228 231 193 135 199 123  76 107 201 224 198
 215 217 219 173  63 163 229 229 116  95 217  93  69  72  73  75
 215 217 220 121  59 133 221 206  84  71 192 111  71  73  73  74
 216 218 220 115  58  61  92  72  65  68 188 109  71  73  73  75
 215 217 220 155  59  59  59  61  64  80 224  93  71  73  73  75
 215 219 221 212 112  62  59  61  70 173 209  75  70  71  74  76
 216 219 222 223 216 165 128 142 200 239 145  70  71  71  73  79
 217 220 222 223 225 226 231 232 236 211  78  66  69  70  74  88
 217 220 221 223 226 229 231 231 220 100  67  66  69  71  74 113
 217 219 221 224 225 228 229 195  90  66  67  68  69  72  75 119
 144 191 213 216 213 188 129  69  66  68  68  68  70  72  76 110
  96  63  72  72  65  60  60  82 150 164 131  84  72  72  76  90
 214 175 106  60  53  55  68 128  91 111 162 205 148  82  74  76
 217 219 215 172  89  59  78 134 173 159 130 108 156 171  91  75
 217 221 221 201 209 135  71 136  98 139 210 230 189 147 104  76
 218 221 149  72 186 224 173 111 185 103  88 154 222 219 188 115
 216 156  56 108 223 228 231 194 131 199 121  74 104 197 220 194
 218 221 223 178  67 167 232 236 120  95 221  93  72  74  76  77
 218 221 225 128  65 133 225 208  86  70 193 115  71  75  77  76
 218 221 223 119  60  60  92  75  66  71 191 115  73  74  74  76
 219 221 223 159  60  61  64  64  66  84 227  98  72  74  76  77
 218 222 224 217 118  63  61  63  74 176 215  76  73  72  75  79
 219 222 224 226 221 175 134 145 207 245 150  71  72  72  75  82
 219 222 224 226 228 233 235 235 237 214  82  70  71  72  76  92
 221 222 223 226 228 232 232 235 223 104  69  69  70  73  76 113
 219 221 224 226 228 229 231 195  92  68  69  70  70  73  75 118
 139 191 211 218 213 184 128  69  70  72  71  69  71  75  78 110
 101  64  69  70  63  62  63  87 154 169 138  90  74  73  78  88
 218 182 111  63  57  60  74 131  86 106 158 207 155  84  75  77
 220 222 219 180  97  63  78 133 177 165 135 109 155 174  93  78
 221 222 223 204 214 144  74 139  97 133 206 234 193 148 106  79
 220 222 148  72 187 228 181 114 189 108  84 146 221 220 191 120
 217 158  62 115 228 230 233 202 133 200 131  78  98 195 221 195

  75  75  75  76  76  77  88 113 118 115  90  77  77  78 120 198
  73  73  73  74  73  73  73  74  76  76  77  73  93 108 191 224
  72  73  73  71  71  70  69  70  70  72  72  83 172 150 220 201
  70  71  71  71  70  70  69  69  68  69  72 150 162 189 225 107
  97 113 112  94  74  69  65  66  67  67  87 207 112 234 155  76
 217 194 187 225 211 146  78  67  67  68 132 165 130 214  91 123
  96  68  68  81 175 242 211 100  65  68 164 118 161 145 104 199
 118  84  65  63  74 203 239 221  91  66 150  95 173  99 185 135
 230 208  71  61  62 146 234 233 196  68  82 125 135 134 115 193
 231 222  94  60  59 132 232 232 231 131  57  64  76  72 173 231
 164 134  62  57  62 168 226 228 229 191  60  56  58 136 224 228
  65  60  57  60 114 216 226 226 225 214  67  53  89 207 185 223
 173 122 115 158 212 224 224 223 223 216  76  60 169 202  71 103
 219 220 220 221 221 222 222 221 220 212  76 103 214 221 149  57
 218 217 217 217 218 218 220 219 219 192  66 174 219 221 220 157
 214 214 215 214 214 215 217 216 217 146  98 213 218 218 217 215
  75  74  75  75  76  79  88 113 119 110  90  76  75  76 115 194
  73  73  73  73  74  73  74  74  75  76  76  74  91 104 188 220
  72  73  73  73  71  71  70  71  72  72  72  82 171 147 219 197
  69  71  71  71  70  71  69  69  69  70  72 148 156 189 222 104
  93 111 109  93  75  70  66  66  68  68  84 205 108 230 154  74
 217 192 188 224 209 145  78  67  67  68 131 162 130 210  88 121
  95  71  68  80 173 239 211 100  66  68 164 111 159 139 103 199
 116  84  65  64  70 200 236 220  90  66 150  91 173  98 185 131
 229 206  72  61  61 142 232 231 195  69  82 128 134 136 111 194
 229 221  92  59  59 128 231 231 229 129  60  68  78  71 173 231
 163 133  61  59  62 165 226 229 228 188  60  55  59 135 224 228
  63  59  58  59 112 216 225 226 225 213  65  53  89 209 186 223
 173 121 115 155 212 223 223 223 224 216  72  60 172 201  72 108
 219 220 220 220 221 222 222 221 221 213  72 106 215 221 149  56
 217 217 218 217 219 219 220 220 219 191  63 175 219 221 221 156
 215 215 216 215 215 216 217 217 217 144  96 214 217 217 218 216
  77  76  76  77  79  82  92 113 118 110  88  77  78  79 120 195
  76  77  74  76  75  75  76  76  75  78  78  75  93 106 191 221
  74  75  74  74  72  72  72  73  73  75  73  84 174 148 220 195
  72  71  73  72  73  72  71  70  70  71  74 155 155 193 221  98
  93 115 115  98  76  71  70  69  70  69  90 207 109 234 146  78
 221 193 191 227 215 150  82  69  69  71 138 158 135 206  84 131
  95  70  71  84 176 245 214 104  68  72 169 106 165 133 108 200
 120  86  66  66  74 207 237 223  92  70 154  86 177  97 189 133
 236 208  75  64  63 145 235 235 195  69  87 131 133 139 114 202
 232 225  92  64  61 134 235 232 231 128  63  74  78  74 181 233
 167 133  60  61  63 175 233 232 229 184  62  60  63 144 228 230
  67  65  60  60 118 221 228 228 228 213  63  57  97 214 187 228
 178 128 119 159 217 226 226 226 226 218  70  63 180 204  72 115
 223 225 223 223 224 224 224 223 224 211  69 111 219 223 148  62
 221 221 221 221 222 222 222 222 221 191  64 182 222 222 222 158
 218 218 218 219 218 219 219 221 219 139 101 218 220 221 220 217

