  63  63  63  66  67 227  81 106 253 254 252 242 168  95  72  67
  64  63  63  66 105 164  76 151 254 254 254 254 253 234 106  74
  62  62  64  64 135 107  73 196 253 255 254 254 254 254 237  97
  62  63  63  66  88  71  73 205 253 255 255 255 255 254 253 228
  65  64  65  66  69  71  72 218 254 255 255 255 255 254 254 254
  65  64  65  65  67  71  73 240 253 255 255 255 255 254 254 253
  66  65  66  66  67  72  83 254 254 255 255 255 255 255 255 254
  65  65  65  68  69  73  99 254 255 255 255 255 255 255 255 254
  66  64  64  66  67  73 125 254 254 255 255 255 255 255 255 255
  65  65  64  67  67  71 150 254 254 254 255 255 255 255 255 255
  66  66  65  65  66  70 109 137 151 215 254 254 254 254 255 254
  65  64  63  64  63  68 129 166  76  82 169 254 253 254 255 254
  65  64  63  64  63  66 188 251  82  71  72 212 254 254 255 254
  67  67  65  65  67  65 168 192  71  71  78 157 254 254 255 255
  67  68  67  67  67  66  66  67  69  70  74 161 254 254 254 254
  71  68  67  68  67  66  67  69  69  71  71 220 254 254 254 251
  64  64  64  66  67 229  83 104 254 254 253 242 163  92  68  64
  63  64  63  67 103 167  75 153 254 254 254 254 254 234 103  68
  64  64  63  66 137 106  72 190 254 254 255 254 255 254 239  95
  65  64  65  66  86  71  72 205 254 255 255 255 255 254 254 227
  65  65  66  66  68  71  72 217 254 255 255 255 255 254 254 254
  65  65  65  66  67  71  73 236 254 255 255 255 255 254 254 254
  66  66  67  67  68  71  84 254 254 255 255 255 255 255 254 254
  66  67  67  68  69  73 108 254 254 255 255 255 255 255 255 254
  66  67  67  69  69  73 129 254 254 254 255 255 255 255 255 255
  66  66  66  67  69  72 146 254 254 254 255 255 255 255 255 255
  65  66  66  66  67  70 107 135 155 220 254 254 254 254 255 254
  66  66  66  66  67  68 127 165  77  84 175 254 255 255 255 254
  65  65  65  64  66  67 191 249  78  73  75 216 254 254 254 254
  66  66  66  66  67  65 159 189  68  72  78 155 254 254 254 254
  70  69  67  67  67  67  66  69  70  72  75 160 254 254 254 254
  72  68  68  67  66  67  68  70  71  72  74 220 255 254 254 252
  65  65  66  68  67 228  88 103 254 254 252 238 163  97  75  70
  67  66  65  67 101 171  79 143 253 254 254 254 254 237 110  76
  66  65  67  67 128 110  76 190 254 254 254 254 255 254 239 103
  67  66  67  69  96  75  73 198 254 255 255 255 255 254 253 229
  67  68  67  71  70  73  72 214 254 255 255 255 255 255 255 254
  68  67  68  69  69  74  75 236 254 255 255 255 255 255 254 253
  68  70  68  69  71  75  80 253 254 255 255 255 255 254 254 254
  68  69  68  71  72  75  93 254 254 255 255 255 255 255 255 254
  68  68  68  71  72  74 128 254 254 255 255 255 255 255 255 255
  68  68  68  69  70  77 146 253 254 254 255 255 255 255 255 255
  69  69  69  69  69  77 108 136 157 219 254 254 254 254 255 254
  69  69  68  70  69  75 125 167  83  83 173 254 254 254 255 254
  66  67  70  69  70  70 174 251  90  75  70 195 253 254 254 254
  69  69  68  67  68  68 161 202  85  75  78 154 254 254 254 254
  71  70  70  70  68  70  68  70  71  74  77 157 254 254 254 254
  72  70  71  70  70  70  70  71  73  77  77 219 254 254 254 252

  67  74  97 228 254 253 254 254 255 255 254 254 254 255 254 251
  72 106 237 253 254 254 255 255 255 255 255 255 255 255 254 254
  95 234 254 254 254 254 255 255 255 255 254 254 254 254 254 254
 168 253 254 255 255 255 255 255 255 255 254 253 254 254 254 254
 242 254 254 255 255 255 255 255 255 255 254 254 212 157 161 220
 252 254 254 255 255 255 255 255 255 255 254 169  72  78  74  71
 254 254 255 255 255 255 255 255 255 254 215  82  71  71  70  71
 253 254 253 253 254 253 254 255 254 254 151  76  82  71  69  69
 106 151 196 205 218 240 254 254 254 254 137 166 251 192  67  69
  81  76  73  73  72  73  83  99 125 150 109 129 188 168  66  67
 227 164 107  71  71  71  72  73  73  71  70  68  66  65  66  66
  67 105 135  88  69  67  67  69  67  67  66  63  63  67  67  67
  66  66  64  66  66  65  66  68  66  67  65  64  64  65  67  68
  63  63  64  63  65  65  66  65  64  64  65  63  63  65  67  67
  63  63  62  63  64  64  65  65  64  65  66  64  64  67  68  68
  63  64  62  62  65  65  66  65  66  65  66  65  65  67  67  71
  64  68  95 227 254 254 254 254 255 255 254 254 254 254 254 252
  68 103 239 254 254 254 254 255 255 255 255 255 254 254 254 254
  92 234 254 254 254 254 255 255 255 255 254 255 254 254 254 254
 163 254 255 255 255 255 255 255 255 255 254 255 254 254 254 255
 242 254 254 255 255 255 255 255 255 255 254 254 216 155 160 220
 253 254 255 255 255 255 255 255 255 255 254 175  75  78  75  74
 254 254 254 255 255 255 255 255 254 254 220  84  73  72  72  72
 254 254 254 254 254 254 254 254 254 254 155  77  78  68  70  71
 104 153 190 205 217 236 254 254 254 254 135 165 249 189  69  70
  83  75  72  72  72  73  84 108 129 146 107 127 191 159  66  68
 229 167 106  71  71  71  71  73  73  72  70  68  67  65  67  67
  67 103 137  86  68  67  68  69  69  69  67  67  66  67  67  66
  66  67  66  66  66  66  67  68  69  67  66  66  64  66  67  67
  64  63  63  65  66  65  67  67  67  66  66  66  65  66  67  68
  64  64  64  64  65  65  66  67  67  66  66  66  65  66  69  68
  64  63  64  65  65  65  66  66  66  66  65  66  65  66  70  72
  70  76 103 229 254 253 254 254 255 255 254 254 254 254 254 252
  75 110 239 253 255 254 254 255 255 255 255 255 254 254 254 254
  97 237 254 254 255 255 254 255 255 255 254 254 254 254 254 254
 163 254 255 255 255 255 255 255 255 255 254 254 253 254 254 254
 238 254 254 255 255 255 255 255 255 255 254 254 195 154 157 219
 252 254 254 255 255 255 255 255 255 255 254 173  70  78  77  77
 254 254 254 255 255 255 255 255 255 254 219  83  75  75  74  77
 254 253 254 254 254 254 254 254 254 254 157  83  90  85  71  73
 103 143 190 198 214 236 253 254 254 253 136 167 251 202  70  71
  88  79  76  73  72  75  80  93 128 146 108 125 174 161  68  70
 228 171 110  75  73  74  75  75  74  77  77  75  70  68  70  70
  67 101 128  96  70  69  71  72  72  70  69  69  70  68  68  70
  68  67  67  69  71  69  69  71  71  69  69  70  69  67  70  70
  66  65  67  67  67  68  68  68  68  68  69  68  70  68  70  71
  65  66  65  66  68  67  70  69  68  68  69  69  67  69  70  70
  65  67  66  67  67  68  68  68  68  68  69  69  66  69  71  72

 251 254 254 254 220  71  71  69  69  67  66  67  68  67  68  71
 254 254 254 254 161  74  70  69  67  66  66  67  67  67  68  67
 255 255 254 254 157  78  71  71 192 168  65  67  65  65  67  67
 254 255 254 254 212  72  71  82 251 188  66  63  64  63  64  65
 254 255 254 253 254 169  82  76 166 129  68  63  64  63  64  65
 254 255 254 254 254 254 215 151 137 109  70  66  65  65  66  66
 255 255 255 255 255 255 254 254 254 150  71  67  67  64  65  65
 255 255 255 255 255 255 255 254 254 125  73  67  66  64  64  66
 254 255 255 255 255 255 255 255 254  99  73  69  68  65  65  65
 254 255 255 255 255 255 255 254 254  83  72  67  66  66  65  66
 253 254 254 255 255 255 255 253 240  73  71  67  65  65  64  65
 254 254 254 255 255 255 255 254 218  72  71  69  66  65  64  65
 228 253 254 255 255 255 255 253 205  73  71  88  66  63  63  62
  97 237 254 254 254 254 255 253 196  73 107 135  64  64  62  62
  74 106 234 253 254 254 254 254 151  76 164 105  66  63  63  64
  67  72  95 168 242 252 254 253 106  81 227  67  66  63  63  63
 252 254 254 255 220  74  72  71  70  68  67  66  67  68  68  72
 254 254 254 254 160  75  72  70  69  66  67  67  67  67  69  70
 254 254 254 254 155  78  72  68 189 159  65  67  66  66  66  66
 254 254 254 254 216  75  73  78 249 191  67  66  64  65  65  65
 254 255 255 255 254 175  84  77 165 127  68  67  66  66  66  66
 254 255 254 254 254 254 220 155 135 107  70  67  66  66  66  65
 255 255 255 255 255 255 254 254 254 146  72  69  67  66  66  66
 255 255 255 255 255 255 254 254 254 129  73  69  69  67  67  66
 254 255 255 255 255 255 255 254 254 108  73  69  68  67  67  66
 254 254 255 255 255 255 255 254 254  84  71  68  67  67  66  66
 254 254 254 255 255 255 255 254 236  73  71  67  66  65  65  65
 254 254 254 255 255 255 255 254 217  72  71  68  66  66  65  65
 227 254 254 255 255 255 255 254 205  72  71  86  66  65  64  65
  95 239 254 255 254 255 254 254 190  72 106 137  66  63  64  64
  68 103 234 254 254 254 254 254 153  75 167 103  67  63  64  63
  64  68  92 163 242 253 254 254 104  83 229  67  66  64  64  64
 252 254 254 254 219  77  77  73  71  70  70  70  70  71  70  72
 254 254 254 254 157  77  74  71  70  68  70  68  70  70  70  71
 254 254 254 254 154  78  75  85 202 161  68  68  67  68  69  69
 254 254 254 253 195  70  75  90 251 174  70  70  69  70  67  66
 254 255 254 254 254 173  83  83 167 125  75  69  70  68  69  69
 254 255 254 254 254 254 219 157 136 108  77  69  69  69  69  69
 255 255 255 255 255 255 254 254 253 146  77  70  69  68  68  68
 255 255 255 255 255 255 255 254 254 128  74  72  71  68  68  68
 254 255 255 255 255 255 255 254 254  93  75  72  71  68  69  68
 254 254 254 255 255 255 255 254 253  80  75  71  69  68  70  68
 253 254 255 255 255 255 255 254 236  75  74  69  69  68  67  68
 254 255 255 255 255 255 255 254 214  72  73  70  71  67  68  67
 229 253 254 255 255 255 255 254 198  73  75  96  69  67  66  67
 103 239 254 255 254 254 254 254 190  76 110 128  67  67  65  66
  76 110 237 254 254 254 254 253 143  79 171 101  67  65  66  67
  70  75  97 163 238 252 254 254 103  88 228  67  68  66  65  65

  71  67  67  65  65  66  65  66  65  66  65  65  62  62  64  63
  68  68  67  64  64  66  65  64  65  65  64  64  63  62  63  63
  67  67  65  63  63  65  64  64  65  66  65  65  63  64  63  63
  68  67  65  64  64  65  67  66  68  66  65  66  66  64  66  66
  67  67  67  63  63  66  67  67  69  67  67  69  88 135 105  67
  66  66  65  66  68  70  71  73  73  72  71  71  71 107 164 227
  67  66 168 188 129 109 150 125  99  83  73  72  73  73  76  81
  69  67 192 251 166 137 254 254 254 254 240 218 205 196 151 106
  69  69  71  82  76 151 254 254 255 254 253 254 253 253 254 253
  71  70  71  71  82 215 254 255 255 255 255 255 255 255 254 254
  71  74  78  72 169 254 255 255 255 255 255 255 255 254 254 252
 220 161 157 212 254 254 255 255 255 255 255 255 255 254 254 242
 254 254 254 254 253 254 255 255 255 255 255 255 255 254 253 168
 254 254 254 254 254 254 255 255 255 255 254 254 254 254 234  95
 254 254 255 255 255 255 255 255 255 255 254 254 253 237 106  72
 251 254 255 254 254 254 255 255 254 254 253 254 228  97  74  67
  72  70  66  65  66  65  66  66  66  66  65  65  65  64  63  64
  68  69  66  65  66  66  66  67  67  66  65  65  64  64  64  64
  68  67  66  65  66  66  66  67  67  67  65  66  65  63  63  64
  67  67  66  64  66  66  67  69  68  67  66  66  66  66  67  66
  66  67  67  66  67  67  69  69  69  68  67  68  86 137 103  67
  67  67  65  67  68  70  72  73  73  71  71  71  71 106 167 229
  68  66 159 191 127 107 146 129 108  84  73  72  72  72  75  83
  70  69 189 249 165 135 254 254 254 254 236 217 205 190 153 104
  71  70  68  78  77 155 254 254 254 254 254 254 254 254 254 254
  72  72  72  73  84 220 254 254 255 255 255 255 255 254 254 254
  74  75  78  75 175 254 255 255 255 255 255 255 255 255 254 253
 220 160 155 216 254 254 255 255 255 255 255 255 255 254 254 242
 255 254 254 254 255 254 255 255 255 255 255 255 255 255 254 163
 254 254 254 254 255 254 255 255 255 255 254 254 254 254 234  92
 254 254 254 254 255 255 255 255 255 254 254 254 254 239 103  68
 252 254 254 254 254 254 255 255 254 254 254 254 227  95  68  64
  72  71  69  66  69  69  68  68  68  68  68  67  67  66  67  65
  70  70  69  67  69  69  68  68  69  70  67  68  66  65  66  65
  71  70  68  70  68  69  68  68  68  68  68  67  67  67  65  66
  70  70  67  69  70  69  69  71  71  69  69  71  69  67  67  68
  70  68  68  70  69  69  70  72  72  71  69  70  96 128 101  67
  70  70  68  70  75  77  77  74  75  75  74  73  75 110 171 228
  70  68 161 174 125 108 146 128  93  80  75  72  73  76  79  88
  71  70 202 251 167 136 253 254 254 253 236 214 198 190 143 103
  73  71  85  90  83 157 254 254 254 254 254 254 254 254 253 254
  77  74  75  75  83 219 254 255 255 255 255 255 255 254 254 254
  77  77  78  70 173 254 255 255 255 255 255 255 255 254 254 252
 219 157 154 195 254 254 255 255 255 255 255 255 255 254 254 238
 254 254 254 253 254 254 255 255 255 255 255 255 255 255 254 163
 254 254 254 254 254 254 255 255 255 254 255 255 254 254 237  97
 254 254 254 254 255 255 255 255 255 254 254 255 253 239 110  75
 252 254 254 254 254 254 255 255 254 254 253 254 229 103  76  70

