 141  63 196 200  85  42  38 122 188 184 180  39  18  17  14  12
 120  50 112 135  51  39  33  90 188 183 179  48  17  15  13  11
 143  51  43  39  39  36  35 105 187 184 180  47  18  15  11  12
 192  68  47  41  39  37  46 162 185 183 179  30  19  14  13  11
 203 173  84  47  41  65 147 187 186 183 173  22  17  13  12  11
 204 201 195 175 172 185 188 186 184 181 135  21  16  12  12  10
 203 202 199 196 193 191 188 187 183 180  96  18  41  14   9   9
 204 202 199 197 195 192 190 186 183 179  52  23  69  12  11   9
 203 202 199 196 194 191 188 186 182 153  23  78  34  13  11   7
 203 201 199 196 194 191 187 184 181  83  29 117  14  12  12   8
 203 201 199 196 195 190 187 185 155  31  99  67  14  10   9   7
 201 200 198 196 193 189 189 182  68  64 121  19  12  10  10   7
 202 200 198 195 192 190 181 110  62 131  32  15  14  11   9   7
  93 120 137 133 116  83 111  99 130  36  16  12  35   9  10   8
  37  38  34  31  31  34 113  78  24  19  15  14  96  35  25  30
  31  31  32  27  24  26  26  22  18  16  14  13 139  92  96  84
 142  63 199 200  85  43  39 123 189 186 182  39  21  19  17  15
 122  54 105 132  47  40  37  92 189 186 183  48  20  18  16  14
 148  53  49  44  42  38  38 109 189 187 183  49  19  17  16  14
 196  69  48  44  43  40  49 165 189 186 181  32  19  16  15  13
 205 180  88  50  43  69 154 190 189 185 174  25  18  16  15  12
 205 202 198 179 176 191 192 190 187 184 138  23  19  16  15  13
 204 202 201 198 194 193 191 189 186 182  96  22  46  15  14  13
 205 203 200 198 196 193 192 189 185 182  51  24  68  15  14  12
 205 203 201 198 195 193 190 188 185 153  26  82  35  15  14  11
 204 202 200 198 195 192 191 187 183  82  32 120  15  15  13  11
 204 201 200 197 195 192 189 187 154  32 105  64  17  15  13  11
 202 200 199 198 195 193 190 184  63  71 117  21  15  15  12  11
 201 200 198 197 194 191 183 106  65 132  27  17  14  14  13  12
  83 112 127 126 106  78 106 100 122  32  18  15  38  14  13  12
  39  39  35  35  32  33 107  72  23  20  16  15  99  42  31  38
  38  35  32  32  30  29  27  24  21  18  16  16 138  94  94  83
 148  73 208 205  94  46  41 127 194 192 188  46  21  20  18  17
 128  58 113 141  52  43  38  97 194 191 185  53  21  19  18  16
 149  60  54  46  43  43  38 110 193 190 188  51  19  19  18  15
 198  73  55  49  44  43  51 170 192 191 186  32  21  18  15  13
 209 177  87  50  44  70 156 195 192 190 179  30  23  19  16  15
 210 205 201 182 180 192 196 194 192 189 142  22  20  22  15  14
 209 207 204 202 199 196 195 192 191 189 102  22  47  18  16  12
 209 207 204 202 199 197 195 192 191 188  55  27  72  15  15  14
 208 207 204 202 201 198 195 192 190 159  27  84  42  18  14  14
 208 206 204 202 199 197 194 191 189  87  32 126  19  15  14  12
 208 207 203 202 200 197 195 193 158  32 106  72  18  14  13  11
 206 207 203 201 200 196 195 190  66  71 123  22  15  15  13  13
 204 204 203 200 198 197 189 107  67 137  30  18  15  16  13  10
  84 116 130 130 112  81 112 100 129  35  19  18  37  16  13  12
  41  42  38  37  34  35 108  77  28  18  18  20  97  40  30  37
  42  39  36  34  31  29  25  24  22  19  18  18 140  95  91  84

  12  11  12  11  11  10   9   9   7   8   7   7   7   8  30  84
  14  13  11  13  12  12   9  11  11  12   9  10   9  10  25  96
  17  15  15  14  13  12  14  12  13  12  10  10  11   9  35  92
  18  17  18  19  17  16  41  69  34  14  14  12  14  35  96 139
  39  48  47  30  22  21  18  23  78 117  67  19  15  12  14  13
 180 179 180 179 173 135  96  52  23  29  99 121  32  16  15  14
 184 183 184 183 183 181 180 179 153  83  31  64 131  36  19  16
 188 188 187 185 186 184 183 183 182 181 155  68  62 130  24  18
 122  90 105 162 187 186 187 186 186 184 185 182 110  99  78  22
  38  33  35  46 147 188 188 190 188 187 187 189 181 111 113  26
  42  39  36  37  65 185 191 192 191 191 190 189 190  83  34  26
  85  51  39  39  41 172 193 195 194 194 195 193 192 116  31  24
 200 135  39  41  47 175 196 197 196 196 196 196 195 133  31  27
 196 112  43  47  84 195 199 199 199 199 199 198 198 137  34  32
  63  50  51  68 173 201 202 202 202 201 201 200 200 120  38  31
 141 120 143 192 203 204 203 204 203 203 203 201 202  93  37  31
  15  14  14  13  12  13  13  12  11  11  11  11  12  12  38  83
  17  16  16  15  15  15  14  14  14  13  13  12  13  13  31  94
  19  18  17  16  16  16  15  15  15  15  15  15  14  14  42  94
  21  20  19  19  18  19  46  68  35  15  17  15  14  38  99 138
  39  48  49  32  25  23  22  24  82 120  64  21  17  15  15  16
 182 183 183 181 174 138  96  51  26  32 105 117  27  18  16  16
 186 186 187 186 185 184 182 182 153  82  32  71 132  32  20  18
 189 189 189 189 189 187 186 185 185 183 154  63  65 122  23  21
 123  92 109 165 190 190 189 189 188 187 187 184 106 100  72  24
  39  37  38  49 154 192 191 192 190 191 189 190 183 106 107  27
  43  40  38  40  69 191 193 193 193 192 192 193 191  78  33  29
  85  47  42  43  43 176 194 196 195 195 195 195 194 106  32  30
 200 132  44  44  50 179 198 198 198 198 197 198 197 126  35  32
 199 105  49  48  88 198 201 200 201 200 200 199 198 127  35  32
  63  54  53  69 180 202 202 203 203 202 201 200 200 112  39  35
 142 122 148 196 205 205 204 205 205 204 204 202 201  83  39  38
  17  16  15  13  15  14  12  14  14  12  11  13  10  12  37  84
  18  18  18  15  16  15  16  15  14  14  13  13  13  13  30  91
  20  19  19  18  19  22  18  15  18  15  14  15  16  16  40  95
  21  21  19  21  23  20  47  72  42  19  18  15  15  37  97 140
  46  53  51  32  30  22  22  27  84 126  72  22  18  18  20  18
 188 185 188 186 179 142 102  55  27  32 106 123  30  19  18  18
 192 191 190 191 190 189 189 188 159  87  32  71 137  35  18  19
 194 194 193 192 192 192 191 191 190 189 158  66  67 129  28  22
 127  97 110 170 195 194 192 192 192 191 193 190 107 100  77  24
  41  38  38  51 156 196 195 195 195 194 195 195 189 112 108  25
  46  43  43  43  70 192 196 197 198 197 197 196 197  81  35  29
  94  52  43  44  44 180 199 199 201 199 200 200 198 112  34  31
 205 141  46  49  50 182 202 202 202 202 202 201 200 130  37  34
 208 113  54  55  87 201 204 204 204 204 203 203 203 130  38  36
  73  58  60  73 177 205 207 207 207 206 207 207 204 116  42  39
 148 128 149 198 209 210 209 209 208 208 208 206 204  84  41  42

  84  96  92 139  13  14  16  18  22  26  26  24  27  32  31  31
  30  25  35  96  14  15  19  24  78 113  34  31  31  34  38  37
   8  10   9  35  12  16  36 130  99 111  83 116 133 137 120  93
   7   9  11  14  15  32 131  62 110 181 190 192 195 198 200 202
   7  10  10  12  19 121  64  68 182 189 189 193 196 198 200 201
   7   9  10  14  67  99  31 155 185 187 190 195 196 199 201 203
   8  12  12  14 117  29  83 181 184 187 191 194 196 199 201 203
   7  11  13  34  78  23 153 182 186 188 191 194 196 199 202 203
   9  11  12  69  23  52 179 183 186 190 192 195 197 199 202 204
   9   9  14  41  18  96 180 183 187 188 191 193 196 199 202 203
  10  12  12  16  21 135 181 184 186 188 185 172 175 195 201 204
  11  12  13  17  22 173 183 186 187 147  65  41  47  84 173 203
  11  13  14  19  30 179 183 185 162  46  37  39  41  47  68 192
  12  11  15  18  47 180 184 187 105  35  36  39  39  43  51 143
  11  13  15  17  48 179 183 188  90  33  39  51 135 112  50 120
  12  14  17  18  39 180 184 188 122  38  42  85 200 196  63 141
  83  94  94 138  16  16  18  21  24  27  29  30  32  32  35  38
  38  31  42  99  15  16  20  23  72 107  33  32  35  35  39  39
  12  13  14  38  15  18  32 122 100 106  78 106 126 127 112  83
  12  13  14  14  17  27 132  65 106 183 191 194 197 198 200 201
  11  12  15  15  21 117  71  63 184 190 193 195 198 199 200 202
  11  13  15  17  64 105  32 154 187 189 192 195 197 200 201 204
  11  13  15  15 120  32  82 183 187 191 192 195 198 200 202 204
  11  14  15  35  82  26 153 185 188 190 193 195 198 201 203 205
  12  14  15  68  24  51 182 185 189 192 193 196 198 200 203 205
  13  14  15  46  22  96 182 186 189 191 193 194 198 201 202 204
  13  15  16  19  23 138 184 187 190 192 191 176 179 198 202 205
  12  15  16  18  25 174 185 189 190 154  69  43  50  88 180 205
  13  15  16  19  32 181 186 189 165  49  40  43  44  48  69 196
  14  16  17  19  49 183 187 189 109  38  38  42  44  49  53 148
  14  16  18  20  48 183 186 189  92  37  40  47 132 105  54 122
  15  17  19  21  39 182 186 189 123  39  43  85 200 199  63 142
  84  91  95 140  18  18  19  22  24  25  29  31  34  36  39  42
  37  30  40  97  20  18  18  28  77 108  35  34  37  38  42  41
  12  13  16  37  18  19  35 129 100 112  81 112 130 130 116  84
  10  13  16  15  18  30 137  67 107 189 197 198 200 203 204 204
  13  13  15  15  22 123  71  66 190 195 196 200 201 203 207 206
  11  13  14  18  72 106  32 158 193 195 197 200 202 203 207 208
  12  14  15  19 126  32  87 189 191 194 197 199 202 204 206 208
  14  14  18  42  84  27 159 190 192 195 198 201 202 204 207 208
  14  15  15  72  27  55 188 191 192 195 197 199 202 204 207 209
  12  16  18  47  22 102 189 191 192 195 196 199 202 204 207 209
  14  15  22  20  22 142 189 192 194 196 192 180 182 201 205 210
  15  16  19  23  30 179 190 192 195 156  70  44  50  87 177 209
  13  15  18  21  32 186 191 192 170  51  43  44  49  55  73 198
  15  18  19  19  51 188 190 193 110  38  43  43  46  54  60 149
  16  18  19  21  53 185 191 194  97  38  43  52 141 113  58 128
  17  18  20  21  46 188 192 194 127  41  46  94 205 208  73 148

  31  37  93 202 201 203 203 203 204 203 204 203 192 143 120 141
  31  38 120 200 200 201 201 202 202 202 201 173  68  51  50  63
  32  34 137 198 198 199 199 199 199 199 195  84  47  43 112 196
  27  31 133 195 196 196 196 196 197 196 175  47  41  39 135 200
  24  31 116 192 193 195 194 194 195 193 172  41  39  39  51  85
  26  34  83 190 189 190 191 191 192 191 185  65  37  36  39  42
  26 113 111 181 189 187 187 188 190 188 188 147  46  35  33  38
  22  78  99 110 182 185 184 186 186 187 186 187 162 105  90 122
  18  24 130  62  68 155 181 182 183 183 184 186 185 187 188 188
  16  19  36 131  64  31  83 153 179 180 181 183 183 184 183 184
  14  15  16  32 121  99  29  23  52  96 135 173 179 180 179 180
  13  14  12  15  19  67 117  78  23  18  21  22  30  47  48  39
 139  96  35  14  12  14  14  34  69  41  16  17  19  18  17  18
  92  35   9  11  10  10  12  13  12  14  12  13  14  15  15  17
  96  25  10   9  10   9  12  11  11   9  12  12  13  11  13  14
  84  30   8   7   7   7   8   7   9   9  10  11  11  12  11  12
  38  39  83 201 202 204 204 205 205 204 205 205 196 148 122 142
  35  39 112 200 200 201 202 203 203 202 202 180  69  53  54  63
  32  35 127 198 199 200 200 201 200 201 198  88  48  49 105 199
  32  35 126 197 198 197 198 198 198 198 179  50  44  44 132 200
  30  32 106 194 195 195 195 195 196 194 176  43  43  42  47  85
  29  33  78 191 193 192 192 193 193 193 191  69  40  38  40  43
  27 107 106 183 190 189 191 190 192 191 192 154  49  38  37  39
  24  72 100 106 184 187 187 188 189 189 190 190 165 109  92 123
  21  23 122  65  63 154 183 185 185 186 187 189 189 189 189 189
  18  20  32 132  71  32  82 153 182 182 184 185 186 187 186 186
  16  16  18  27 117 105  32  26  51  96 138 174 181 183 183 182
  16  15  15  17  21  64 120  82  24  22  23  25  32  49  48  39
 138  99  38  14  15  17  15  35  68  46  19  18  19  19  20  21
  94  42  14  14  15  15  15  15  15  15  16  16  16  17  18  19
  94  31  13  13  12  13  13  14  14  14  15  15  15  16  16  17
  83  38  12  12  11  11  11  11  12  13  13  12  13  14  14  15
  42  41  84 204 206 208 208 208 209 209 210 209 198 149 128 148
  39  42 116 204 207 207 206 207 207 207 205 177  73  60  58  73
  36  38 130 203 203 203 204 204 204 204 201  87  55  54 113 208
  34  37 130 200 201 202 202 202 202 202 182  50  49  46 141 205
  31  34 112 198 200 200 199 201 199 199 180  44  44  43  52  94
  29  35  81 197 196 197 197 198 197 196 192  70  43  43  43  46
  25 108 112 189 195 195 194 195 195 195 196 156  51  38  38  41
  24  77 100 107 190 193 191 192 192 192 194 195 170 110  97 127
  22  28 129  67  66 158 189 190 191 191 192 192 192 193 194 194
  19  18  35 137  71  32  87 159 188 189 189 190 191 190 191 192
  18  18  19  30 123 106  32  27  55 102 142 179 186 188 185 188
  18  20  18  18  22  72 126  84  27  22  22  30  32  51  53  46
 140  97  37  15  15  18  19  42  72  47  20  23  21  19  21  21
  95  40  16  16  15  14  15  18  15  18  22  19  18  19  19  20
  91  30  13  13  13  13  14  14  15  16  15  16  15  18  18  18
  84  37  12  10  13  11  12  14  14  12  14  15  13  15  16  17

