  83 225 254 255 255 255 255 255 255 255 255 254 254 250 104  55
 186 254 254 255 255 255 255 255 255 255 255 254 254 254 244 111
 253 254 254 255 255 255 255 255 255 255 255 255 255 254 254 237
 254 255 255 255 255 255 255 255 255 255 255 255 254 254 254 252
 255 255 255 255 254 251 182 126 132 181 252 253 254 255 254 254
 255 255 255 255 251 118  66  66  65  63 169 254 253 255 254 254
 255 255 255 254 190  65  62  61  57  58  68 216 254 255 254 254
 255 255 255 254 138  61  61  56  55  57  60 163 255 255 255 255
 255 255 255 254 135  61  70  71  52  55  58 163 255 255 255 254
 255 255 255 254 200  82 238 253 104  55  65 211 255 255 255 255
 254 255 255 254 253 185 223 243 104  72 179 254 255 255 255 254
 254 255 255 253 253 253 244 175 142 231 253 255 255 255 255 254
 254 254 254 254 253 254 254 254 253 254 254 254 255 255 255 254
 254 254 254 255 254 255 255 255 255 255 255 255 255 255 255 252
 237 254 253 254 254 255 255 255 255 255 255 255 255 255 254 191
  89 232 253 252 254 255 255 255 255 255 255 255 254 254 189  47
  80 224 253 255 255 255 255 255 255 255 255 254 253 252 105  53
 184 254 254 255 255 255 255 255 255 255 255 254 254 254 244 111
 254 254 254 255 255 255 255 255 255 255 255 255 255 254 254 235
 254 254 254 255 255 255 255 255 255 255 255 255 255 254 254 253
 255 255 255 255 254 251 182 126 129 184 252 254 254 255 254 254
 255 255 255 255 250 120  67  66  63  67 170 254 254 255 254 254
 255 255 255 254 189  67  64  61  57  59  69 214 255 255 254 254
 255 255 255 254 138  65  63  59  54  55  62 162 255 255 255 255
 255 255 255 254 137  63  78  78  57  56  60 164 255 255 255 255
 255 255 255 254 203  82 239 252 115  59  69 213 255 255 255 255
 254 255 255 254 254 185 221 243 107  71 182 254 255 255 255 254
 254 255 255 254 254 254 244 190 152 231 253 254 255 255 255 254
 254 254 254 254 254 254 254 254 254 254 254 254 255 254 255 254
 254 254 254 255 254 255 255 255 255 255 255 255 255 254 254 253
 239 254 254 254 254 255 255 255 255 255 255 255 254 254 255 201
  89 233 254 253 254 255 255 255 255 255 255 255 254 253 187  50
  98 226 253 255 255 255 255 255 255 255 255 254 254 252 117  74
 189 253 253 255 255 255 255 255 255 255 255 254 254 253 244 120
 254 254 254 255 255 255 255 255 255 255 255 255 255 253 253 240
 254 253 255 255 255 255 255 255 255 255 255 255 255 254 255 254
 255 255 255 255 254 250 178 126 131 181 252 253 254 255 254 254
 255 255 255 255 250 125  74  68  69  66 169 254 254 255 254 254
 255 255 255 254 193  76  70  69  65  66  73 210 254 255 254 254
 255 255 255 254 148  71  68  67  64  64  70 161 255 255 255 255
 255 255 255 254 143  67  74  80  61  62  68 165 255 255 255 255
 255 255 255 254 206  85 237 253 124  65  80 212 255 255 255 255
 254 255 255 254 254 187 221 241 114  88 183 254 255 255 255 255
 254 255 255 254 253 253 244 188 152 229 253 254 255 255 255 254
 254 255 254 254 254 254 254 254 253 254 254 254 255 254 255 254
 253 253 253 254 254 255 255 255 255 255 255 255 255 254 255 253
 239 254 254 254 254 255 255 255 255 255 255 255 255 253 253 202
  98 236 253 254 254 255 255 255 255 255 255 255 254 253 196  62

  55 111 237 252 254 254 254 255 254 255 254 254 254 252 191  47
 104 244 254 254 254 254 254 255 255 255 255 255 255 255 254 189
 250 254 254 254 255 255 255 255 255 255 255 255 255 255 255 254
 254 254 255 254 254 253 254 255 255 255 255 255 255 255 255 254
 254 254 255 255 253 254 216 163 163 211 254 255 254 255 255 255
 255 255 255 255 252 169  68  60  58  65 179 253 254 255 255 255
 255 255 255 255 181  63  58  57  55  55  72 231 254 255 255 255
 255 255 255 255 132  65  57  55  52 104 104 142 253 255 255 255
 255 255 255 255 126  66  61  56  71 253 243 175 254 255 255 255
 255 255 255 255 182  66  62  61  70 238 223 244 254 255 255 255
 255 255 255 255 251 118  65  61  61  82 185 253 254 255 255 255
 255 255 255 255 254 251 190 138 135 200 253 253 253 254 254 254
 255 255 255 255 255 255 254 254 254 254 254 253 254 255 254 252
 254 254 254 255 255 255 255 255 255 255 255 255 254 254 253 253
 225 254 254 255 255 255 255 255 255 255 255 255 254 254 254 232
  83 186 253 254 255 255 255 255 255 255 254 254 254 254 237  89
  53 111 235 253 254 254 254 255 255 255 254 254 254 253 201  50
 105 244 254 254 254 254 254 255 255 255 255 255 255 254 255 187
 252 254 254 254 255 255 255 255 255 255 255 255 254 254 254 253
 253 254 255 255 254 254 255 255 255 255 255 255 255 255 254 254
 254 254 255 255 254 254 214 162 164 213 254 254 254 255 255 255
 255 255 255 255 252 170  69  62  60  69 182 253 254 255 255 255
 255 255 255 255 184  67  59  55  56  59  71 231 254 255 255 255
 255 255 255 255 129  63  57  54  57 115 107 152 254 255 255 255
 255 255 255 255 126  66  61  59  78 252 243 190 254 255 255 255
 255 255 255 255 182  67  64  63  78 239 221 244 254 255 255 255
 255 255 255 255 251 120  67  65  63  82 185 254 254 255 255 255
 255 255 255 255 254 250 189 138 137 203 254 254 254 254 254 254
 255 255 255 255 255 255 254 254 254 254 254 254 254 255 254 253
 253 254 254 254 255 255 255 255 255 255 255 255 254 254 254 254
 224 254 254 254 255 255 255 255 255 255 255 255 254 254 254 233
  80 184 254 254 255 255 255 255 255 255 254 254 254 254 239  89
  74 120 240 254 254 254 254 255 255 255 255 254 254 253 202  62
 117 244 253 255 254 254 254 255 255 255 255 255 255 255 253 196
 252 253 253 254 255 255 255 255 255 255 255 255 254 254 253 253
 254 254 255 255 254 254 254 255 255 255 255 255 255 255 255 254
 254 254 255 255 253 254 210 161 165 212 254 254 254 255 255 255
 255 255 255 255 252 169  73  70  68  80 183 253 254 255 255 255
 255 255 255 255 181  66  66  64  62  65  88 229 254 255 255 255
 255 255 255 255 131  69  65  64  61 124 114 152 253 255 255 255
 255 255 255 255 126  68  69  67  80 253 241 188 254 255 255 255
 255 255 255 255 178  74  70  68  74 237 221 244 254 255 255 255
 255 255 255 255 250 125  76  71  67  85 187 253 254 255 255 255
 255 255 255 255 254 250 193 148 143 206 254 253 254 254 254 254
 255 255 255 255 255 255 254 254 254 254 254 254 254 254 254 254
 253 253 254 255 255 255 255 255 255 255 255 255 254 253 254 253
 226 253 254 253 255 255 255 255 255 255 255 255 255 253 254 236
  98 189 254 254 255 255 255 255 255 255 254 254 254 253 239  98

  47 189 254 254 255 255 255 255 255 255 255 254 252 253 232  89
 191 254 255 255 255 255 255 255 255 255 255 254 254 253 254 237
 252 255 255 255 255 255 255 255 255 255 255 254 255 254 254 254
 254 255 255 255 254 254 254 253 254 254 254 253 254 254 254 254
 254 255 255 255 255 253 231 142 175 244 253 253 253 255 255 254
 254 255 255 255 254 179  72 104 243 223 185 253 254 255 255 254
 255 255 255 255 211  65  55 104 253 238  82 200 254 255 255 255
 254 255 255 255 163  58  55  52  71  70  61 135 254 255 255 255
 255 255 255 255 163  60  57  55  56  61  61 138 254 255 255 255
 254 254 255 254 216  68  58  57  61  62  65 190 254 255 255 255
 254 254 255 253 254 169  63  65  66  66 118 251 255 255 255 255
 254 254 255 254 253 252 181 132 126 182 251 254 255 255 255 255
 252 254 254 254 255 255 255 255 255 255 255 255 255 255 255 254
 237 254 254 255 255 255 255 255 255 255 255 255 255 254 254 253
 111 244 254 254 254 255 255 255 255 255 255 255 255 254 254 186
  55 104 250 254 254 255 255 255 255 255 255 255 255 254 225  83
  50 187 253 254 255 255 255 255 255 255 255 254 253 254 233  89
 201 255 254 254 255 255 255 255 255 255 255 254 254 254 254 239
 253 254 254 255 255 255 255 255 255 255 255 254 255 254 254 254
 254 255 254 255 254 254 254 254 254 254 254 254 254 254 254 254
 254 255 255 255 254 253 231 152 190 244 254 254 254 255 255 254
 254 255 255 255 254 182  71 107 243 221 185 254 254 255 255 254
 255 255 255 255 213  69  59 115 252 239  82 203 254 255 255 255
 255 255 255 255 164  60  56  57  78  78  63 137 254 255 255 255
 255 255 255 255 162  62  55  54  59  63  65 138 254 255 255 255
 254 254 255 255 214  69  59  57  61  64  67 189 254 255 255 255
 254 254 255 254 254 170  67  63  66  67 120 250 255 255 255 255
 254 254 255 254 254 252 184 129 126 182 251 254 255 255 255 255
 253 254 254 255 255 255 255 255 255 255 255 255 255 254 254 254
 235 254 254 255 255 255 255 255 255 255 255 255 255 254 254 254
 111 244 254 254 254 255 255 255 255 255 255 255 255 254 254 184
  53 105 252 253 254 255 255 255 255 255 255 255 255 253 224  80
  62 196 253 254 255 255 255 255 255 255 255 254 254 253 236  98
 202 253 253 255 255 255 255 255 255 255 255 254 254 254 254 239
 253 255 254 255 255 255 255 255 255 255 255 254 254 253 253 253
 254 255 254 255 254 254 254 253 254 254 254 254 254 254 255 254
 254 255 255 255 254 253 229 152 188 244 253 253 254 255 255 254
 255 255 255 255 254 183  88 114 241 221 187 254 254 255 255 254
 255 255 255 255 212  80  65 124 253 237  85 206 254 255 255 255
 255 255 255 255 165  68  62  61  80  74  67 143 254 255 255 255
 255 255 255 255 161  70  64  64  67  68  71 148 254 255 255 255
 254 254 255 254 210  73  66  65  69  70  76 193 254 255 255 255
 254 254 255 254 254 169  66  69  68  74 125 250 255 255 255 255
 254 254 255 254 253 252 181 131 126 178 250 254 255 255 255 255
 254 255 254 255 255 255 255 255 255 255 255 255 255 255 253 254
 240 253 253 255 255 255 255 255 255 255 255 255 255 254 254 254
 120 244 253 254 254 255 255 255 255 255 255 255 255 253 253 189
  74 117 252 254 254 255 255 255 255 255 255 255 255 253 226  98

  89 237 254 254 254 254 255 255 255 255 255 255 254 253 186  83
 232 254 254 254 255 255 255 255 255 255 255 255 255 254 254 225
 253 253 254 254 255 255 255 255 255 255 255 255 255 254 254 254
 252 254 255 254 253 254 254 254 254 254 255 255 255 255 255 255
 254 254 254 253 253 253 200 135 138 190 251 254 255 255 255 255
 255 255 255 254 253 185  82  61  61  65 118 251 255 255 255 255
 255 255 255 254 244 223 238  70  61  62  66 182 255 255 255 255
 255 255 255 254 175 243 253  71  56  61  66 126 255 255 255 255
 255 255 255 253 142 104 104  52  55  57  65 132 255 255 255 255
 255 255 255 254 231  72  55  55  57  58  63 181 255 255 255 255
 255 255 255 254 253 179  65  58  60  68 169 252 255 255 255 255
 255 255 255 254 255 254 211 163 163 216 254 253 255 255 254 254
 254 255 255 255 255 255 255 255 255 254 253 254 254 255 254 254
 254 255 255 255 255 255 255 255 255 255 255 255 254 254 254 250
 189 254 255 255 255 255 255 255 255 254 254 254 254 254 244 104
  47 191 252 254 254 254 255 254 255 254 254 254 252 237 111  55
  89 239 254 254 254 254 255 255 255 255 255 255 254 254 184  80
 233 254 254 254 255 255 255 255 255 255 255 255 254 254 254 224
 254 254 254 254 255 255 255 255 255 255 255 255 254 254 254 253
 253 254 255 254 254 254 254 254 254 254 255 255 255 255 255 255
 254 254 254 254 254 254 203 137 138 189 250 254 255 255 255 255
 255 255 255 254 254 185  82  63  65  67 120 251 255 255 255 255
 255 255 255 254 244 221 239  78  63  64  67 182 255 255 255 255
 255 255 255 254 190 243 252  78  59  61  66 126 255 255 255 255
 255 255 255 254 152 107 115  57  54  57  63 129 255 255 255 255
 255 255 255 254 231  71  59  56  55  59  67 184 255 255 255 255
 255 255 255 254 253 182  69  60  62  69 170 252 255 255 255 255
 255 255 255 254 254 254 213 164 162 214 254 254 255 255 254 254
 254 254 255 255 255 255 255 255 255 255 254 254 255 255 254 253
 253 254 254 254 255 255 255 255 255 255 255 255 254 254 254 252
 187 255 254 255 255 255 255 255 255 254 254 254 254 254 244 105
  50 201 253 254 254 254 255 255 255 254 254 254 253 235 111  53
  98 239 253 254 254 254 255 255 255 255 255 255 254 254 189  98
 236 254 253 255 255 255 255 255 255 255 255 255 253 254 253 226
 253 254 253 254 255 255 255 255 255 255 255 255 255 254 253 253
 254 254 254 254 254 254 254 254 254 254 255 255 255 255 255 255
 254 254 254 254 253 254 206 143 148 193 250 254 255 255 255 255
 255 255 255 254 253 187  85  67  71  76 125 250 255 255 255 255
 255 255 255 254 244 221 237  74  68  70  74 178 255 255 255 255
 255 255 255 254 188 241 253  80  67  69  68 126 255 255 255 255
 255 255 255 253 152 114 124  61  64  65  69 131 255 255 255 255
 255 255 255 254 229  88  65  62  64  66  66 181 255 255 255 255
 255 255 255 254 253 183  80  68  70  73 169 252 255 255 255 255
 255 255 255 254 254 254 212 165 161 210 254 253 255 255 254 254
 254 255 255 255 255 255 255 255 255 254 254 254 255 255 254 254
 253 253 254 254 255 255 255 255 255 255 255 255 254 253 253 252
 196 253 255 255 255 255 255 255 255 254 254 254 255 253 244 117
  62 202 253 254 254 255 255 255 255 254 254 254 254 240 120  74

