 246 208 129  76  54  49  55  92 158 211 218 215 212 207 186 164
 140  54  41  38  35  33  32  30  33  80 189 214 212 208 205 187
  45  41  40  38  37  33  29  28  27  28  49 180 210 209 206 204
  40  41  42  41  38  33  29  28  26  27  27  63 199 208 206 203
  43  61  95  69  38  32  30  28  27  25  25  25 126 206 206 203
 104 220 230 221 115  34  29  28  26  25  24  22  59 199 205 203
 218 232 231 229 211  45  34  32  25  25  26  24  24 177 204 203
 235 235 231 229 224  79  98 162  36 129 156  46  26 160 205 204
 240 239 234 232 227 142 108 170  75 215 213 138  27 149 205 203
 241 238 238 233 231 217 121  60  69 212 212 110  25 180 205 203
 238 237 234 231 227 224 220 213 147 100 118  34  44 204 203 201
 171 239 235 230 229 227 223 220 217 106  26  23 115 206 203 199
  63 200 235 234 228 226 222 220 212  89  23  55 190 206 204 200
  49  60 161 220 228 225 223 216 126  32  49 184 210 205 204 199
 179  68  44  68 109 129 122  68  29  79 194 212 210 206 204 141
 233 220 159  96  67  63  73 107 171 214 214 211 208 207 182 127
 238 204 129  74  52  48  54  90 159 213 217 214 211 208 185 165
 141  54  44  43  41  38  34  34  35  77 189 214 211 207 204 187
  47  43  42  39  38  38  34  31  29  30  48 181 211 208 205 203
  43  43  42  41  39  37  32  32  30  29  30  62 198 208 206 203
  45  64  91  64  42  37  33  31  30  29  27  28 126 206 204 202
 105 219 228 219 114  39  33  31  29  26  26  26  61 199 204 202
 216 230 228 227 211  49  35  37  31  29  29  26  29 182 204 203
 231 232 229 227 223  80  98 165  41 128 158  52  30 161 205 203
 234 232 230 229 225 140 106 164  76 215 212 138  29 149 204 202
 235 232 230 230 227 216 120  54  68 210 212 111  29 179 203 202
 233 234 229 228 227 224 219 214 148  94 111  37  50 205 202 201
 163 234 231 228 227 225 221 219 217 106  28  29 116 205 203 200
  56 192 232 229 227 224 223 220 212  89  29  59 191 205 203 200
  51  53 152 217 227 224 223 214 121  31  50 183 210 206 203 200
 179  73  42  58 103 122 115  65  33  79 194 212 209 207 204 142
 231 219 161  99  70  63  74 112 173 213 213 211 208 206 181 127
 240 206 130  76  51  49  57  96 164 213 217 215 212 209 186 166
 143  53  42  40  40  36  35  36  35  79 192 214 211 207 204 188
  48  42  41  41  38  36  33  31  29  29  47 183 211 208 206 203
  45  43  42  42  40  35  33  31  31  27  27  64 198 208 207 205
  47  57  88  63  41  35  32  30  29  25  26  27 127 206 206 204
 102 217 226 216 111  37  31  28  27  27  23  26  62 202 205 204
 216 230 228 227 209  46  31  25  30  29  24  25  27 184 205 205
 232 232 230 227 223  78  96 161  39 127 157  42  26 161 205 204
 234 231 229 228 225 134 110 167  75 214 212 136  28 149 206 204
 236 233 233 230 228 215 115  47  68 209 214 112  26 179 206 203
 235 233 229 229 227 223 219 212 142  95 114  36  46 205 205 201
 171 233 231 227 227 224 221 219 216 107  28  27 116 205 203 201
  57 198 232 230 226 223 222 219 214  90  28  57 191 206 204 200
  48  54 155 219 227 225 222 216 126  31  47 184 210 207 204 201
 176  68  43  60 109 128 119  69  34  79 193 212 209 207 204 144
 230 217 160  90  60  64  71 105 169 214 213 211 210 207 184 128

 164 187 204 203 203 203 203 204 203 203 201 199 200 199 141 127
 186 205 206 206 206 205 204 205 205 205 203 203 204 204 204 182
 207 208 209 208 206 199 177 160 149 180 204 206 206 205 206 207
 212 212 210 199 126  59  24  26  27  25  44 115 190 210 210 208
 215 214 180  63  25  22  24  46 138 110  34  23  55 184 212 211
 218 189  49  27  25  24  26 156 213 212 118  26  23  49 194 214
 211  80  28  27  25  25  25 129 215 212 100 106  89  32  79 214
 158  33  27  26  27  26  25  36  75  69 147 217 212 126  29 171
  92  30  28  28  28  28  32 162 170  60 213 220 220 216  68 107
  55  32  29  29  30  29  34  98 108 121 220 223 222 223 122  73
  49  33  33  33  32  34  45  79 142 217 224 227 226 225 129  63
  54  35  37  38  38 115 211 224 227 231 227 229 228 228 109  67
  76  38  38  41  69 221 229 229 232 233 231 230 234 220  68  96
 129  41  40  42  95 230 231 231 234 238 234 235 235 161  44 159
 208  54  41  41  61 220 232 235 239 238 237 239 200  60  68 220
 246 140  45  40  43 104 218 235 240 241 238 171  63  49 179 233
 165 187 203 203 202 202 203 203 202 202 201 200 200 200 142 127
 185 204 205 206 204 204 204 205 204 203 202 203 203 203 204 181
 208 207 208 208 206 199 182 161 149 179 205 205 205 206 207 206
 211 211 211 198 126  61  29  30  29  29  50 116 191 210 209 208
 214 214 181  62  28  26  26  52 138 111  37  29  59 183 212 211
 217 189  48  30  27  26  29 158 212 212 111  28  29  50 194 213
 213  77  30  29  29  26  29 128 215 210  94 106  89  31  79 213
 159  35  29  30  30  29  31  41  76  68 148 217 212 121  33 173
  90  34  31  32  31  31  37 165 164  54 214 219 220 214  65 112
  54  34  34  32  33  33  35  98 106 120 219 221 223 223 115  74
  48  38  38  37  37  39  49  80 140 216 224 225 224 224 122  63
  52  41  38  39  42 114 211 223 225 227 227 227 227 227 103  70
  74  43  39  41  64 219 227 227 229 230 228 228 229 217  58  99
 129  44  42  42  91 228 228 229 230 230 229 231 232 152  42 161
 204  54  43  43  64 219 230 232 232 232 234 234 192  53  73 219
 238 141  47  43  45 105 216 231 234 235 233 163  56  51 179 231
 166 188 203 205 204 204 205 204 204 203 201 201 200 201 144 128
 186 204 206 207 206 205 205 205 206 206 205 203 204 204 204 184
 209 207 208 208 206 202 184 161 149 179 205 205 206 207 207 207
 212 211 211 198 127  62  27  26  28  26  46 116 191 210 209 210
 215 214 183  64  27  26  25  42 136 112  36  27  57 184 212 211
 217 192  47  27  26  23  24 157 212 214 114  28  28  47 193 213
 213  79  29  27  25  27  29 127 214 209  95 107  90  31  79 214
 164  35  29  31  29  27  30  39  75  68 142 216 214 126  34 169
  96  36  31  31  30  28  25 161 167  47 212 219 219 216  69 105
  57  35  33  33  32  31  31  96 110 115 219 221 222 222 119  71
  49  36  36  35  35  37  46  78 134 215 223 224 223 225 128  64
  51  40  38  40  41 111 209 223 225 228 227 227 226 227 109  60
  76  40  41  42  63 216 227 227 228 230 229 227 230 219  60  90
 130  42  41  42  88 226 228 230 229 233 229 231 232 155  43 160
 206  53  42  43  57 217 230 232 231 233 233 233 198  54  68 217
 240 143  48  45  47 102 216 232 234 236 235 171  57  48 176 230

 127 182 207 208 211 214 214 171 107  73  63  67  96 159 220 233
 141 204 206 210 212 194  79  29  68 122 129 109  68  44  68 179
 199 204 205 210 184  49  32 126 216 223 225 228 220 161  60  49
 200 204 206 190  55  23  89 212 220 222 226 228 234 235 200  63
 199 203 206 115  23  26 106 217 220 223 227 229 230 235 239 171
 201 203 204  44  34 118 100 147 213 220 224 227 231 234 237 238
 203 205 180  25 110 212 212  69  60 121 217 231 233 238 238 241
 203 205 149  27 138 213 215  75 170 108 142 227 232 234 239 240
 204 205 160  26  46 156 129  36 162  98  79 224 229 231 235 235
 203 204 177  24  24  26  25  25  32  34  45 211 229 231 232 218
 203 205 199  59  22  24  25  26  28  29  34 115 221 230 220 104
 203 206 206 126  25  25  25  27  28  30  32  38  69  95  61  43
 203 206 208 199  63  27  27  26  28  29  33  38  41  42  41  40
 204 206 209 210 180  49  28  27  28  29  33  37  38  40  41  45
 187 205 208 212 214 189  80  33  30  32  33  35  38  41  54 140
 164 186 207 212 215 218 211 158  92  55  49  54  76 129 208 246
 127 181 206 208 211 213 213 173 112  74  63  70  99 161 219 231
 142 204 207 209 212 194  79  33  65 115 122 103  58  42  73 179
 200 203 206 210 183  50  31 121 214 223 224 227 217 152  53  51
 200 203 205 191  59  29  89 212 220 223 224 227 229 232 192  56
 200 203 205 116  29  28 106 217 219 221 225 227 228 231 234 163
 201 202 205  50  37 111  94 148 214 219 224 227 228 229 234 233
 202 203 179  29 111 212 210  68  54 120 216 227 230 230 232 235
 202 204 149  29 138 212 215  76 164 106 140 225 229 230 232 234
 203 205 161  30  52 158 128  41 165  98  80 223 227 229 232 231
 203 204 182  29  26  29  29  31  37  35  49 211 227 228 230 216
 202 204 199  61  26  26  26  29  31  33  39 114 219 228 219 105
 202 204 206 126  28  27  29  30  31  33  37  42  64  91  64  45
 203 206 208 198  62  30  29  30  32  32  37  39  41  42  43  43
 203 205 208 211 181  48  30  29  31  34  38  38  39  42  43  47
 187 204 207 211 214 189  77  35  34  34  38  41  43  44  54 141
 165 185 208 211 214 217 213 159  90  54  48  52  74 129 204 238
 128 184 207 210 211 213 214 169 105  71  64  60  90 160 217 230
 144 204 207 209 212 193  79  34  69 119 128 109  60  43  68 176
 201 204 207 210 184  47  31 126 216 222 225 227 219 155  54  48
 200 204 206 191  57  28  90 214 219 222 223 226 230 232 198  57
 201 203 205 116  27  28 107 216 219 221 224 227 227 231 233 171
 201 205 205  46  36 114  95 142 212 219 223 227 229 229 233 235
 203 206 179  26 112 214 209  68  47 115 215 228 230 233 233 236
 204 206 149  28 136 212 214  75 167 110 134 225 228 229 231 234
 204 205 161  26  42 157 127  39 161  96  78 223 227 230 232 232
 205 205 184  27  25  24  29  30  25  31  46 209 227 228 230 216
 204 205 202  62  26  23  27  27  28  31  37 111 216 226 217 102
 204 206 206 127  27  26  25  29  30  32  35  41  63  88  57  47
 205 207 208 198  64  27  27  31  31  33  35  40  42  42  43  45
 203 206 208 211 183  47  29  29  31  33  36  38  41  41  42  48
 188 204 207 211 214 192  79  35  36  35  36  40  40  42  53 143
 166 186 209 212 215 217 213 164  96  57  49  51  76 130 206 240

 233 179  49  63 171 238 241 240 235 218 104  43  40  45 140 246
 220  68  60 200 239 237 238 239 235 232 220  61  41  41  54 208
 159  44 161 235 235 234 238 234 231 231 230  95  42  40  41 129
  96  68 220 234 230 231 233 232 229 229 221  69  41  38  38  76
  67 109 228 228 229 227 231 227 224 211 115  38  38  37  35  54
  63 129 225 226 227 224 217 142  79  45  34  32  33  33  33  49
  73 122 223 222 223 220 121 108  98  34  29  30  29  29  32  55
 107  68 216 220 220 213  60 170 162  32  28  28  28  28  30  92
 171  29 126 212 217 147  69  75  36  25  26  27  26  27  33 158
 214  79  32  89 106 100 212 215 129  25  25  25  27  28  80 211
 214 194  49  23  26 118 212 213 156  26  24  25  27  49 189 218
 211 212 184  55  23  34 110 138  46  24  22  25  63 180 214 215
 208 210 210 190 115  44  25  27  26  24  59 126 199 210 212 212
 207 206 205 206 206 204 180 149 160 177 199 206 208 209 208 207
 182 204 204 204 203 203 205 205 205 204 205 206 206 206 205 186
 127 141 199 200 199 201 203 203 204 203 203 203 203 204 187 164
 231 179  51  56 163 233 235 234 231 216 105  45  43  47 141 238
 219  73  53 192 234 234 232 232 232 230 219  64  43  43  54 204
 161  42 152 232 231 229 230 230 229 228 228  91  42  42  44 129
  99  58 217 229 228 228 230 229 227 227 219  64  41  39  43  74
  70 103 227 227 227 227 227 225 223 211 114  42  39  38  41  52
  63 122 224 224 225 224 216 140  80  49  39  37  37  38  38  48
  74 115 223 223 221 219 120 106  98  35  33  33  32  34  34  54
 112  65 214 220 219 214  54 164 165  37  31  31  32  31  34  90
 173  33 121 212 217 148  68  76  41  31  29  30  30  29  35 159
 213  79  31  89 106  94 210 215 128  29  26  29  29  30  77 213
 213 194  50  29  28 111 212 212 158  29  26  27  30  48 189 217
 211 212 183  59  29  37 111 138  52  26  26  28  62 181 214 214
 208 209 210 191 116  50  29  29  30  29  61 126 198 211 211 211
 206 207 206 205 205 205 179 149 161 182 199 206 208 208 207 208
 181 204 203 203 203 202 203 204 205 204 204 204 206 205 204 185
 127 142 200 200 200 201 202 202 203 203 202 202 203 203 187 165
 230 176  48  57 171 235 236 234 232 216 102  47  45  48 143 240
 217  68  54 198 233 233 233 231 232 230 217  57  43  42  53 206
 160  43 155 232 231 229 233 229 230 228 226  88  42  41  42 130
  90  60 219 230 227 229 230 228 227 227 216  63  42  41  40  76
  60 109 227 226 227 227 228 225 223 209 111  41  40  38  40  51
  64 128 225 223 224 223 215 134  78  46  37  35  35  36  36  49
  71 119 222 222 221 219 115 110  96  31  31  32  33  33  35  57
 105  69 216 219 219 212  47 167 161  25  28  30  31  31  36  96
 169  34 126 214 216 142  68  75  39  30  27  29  31  29  35 164
 214  79  31  90 107  95 209 214 127  29  27  25  27  29  79 213
 213 193  47  28  28 114 214 212 157  24  23  26  27  47 192 217
 211 212 184  57  27  36 112 136  42  25  26  27  64 183 214 215
 210 209 210 191 116  46  26  28  26  27  62 127 198 211 211 212
 207 207 207 206 205 205 179 149 161 184 202 206 208 208 207 209
 184 204 204 204 203 205 206 206 205 205 205 206 207 206 204 186
 128 144 201 200 201 201 203 204 204 205 204 204 205 203 188 166

