 224 222 220 218 218 215 212 212 210 207 205 202 197  71  25  20
 107 166 218 217 217 214 213 212 209 206 204 201 197 134  25  19
  78  67 148 218 218 213 212 211 209 206 203 201 198 185  31  22
  66  61  71 205 215 213 210 208 207 204 202 200 197 195  50  21
  62  56  59 182 213 211 210 208 206 204 204 200 198 195  64  22
  59  57  59 195 213 212 211 208 205 205 203 201 198 195  63  20
  61  57  90 214 214 212 210 208 207 204 202 201 198 195  57  23
  61  86 192 215 213 211 209 208 206 204 204 202 200 180  28  23
 175 210 219 216 213 211 210 208 207 205 202 201 199 124  27  41
 222 222 219 216 214 211 209 207 204 202 200 200 191  55  27  77
 222 220 218 217 213 211 208 206 203 201 199 198 114  29  55 179
 221 220 218 215 213 211 209 205 203 201 198 142  35  29 119 186
 223 222 220 215 212 210 207 205 203 201 136  34  32 112  73 139
 207 220 220 217 214 210 207 204 179  98  37  32 143 191 183  96
  76 119 156 181 184 167 143  95  49  44 119 100 125 192 190 186
  59  55  53  52  48  48  42  74  35 150 196 191  93 140 187 188
 223 220 219 217 217 215 212 212 209 207 205 202 199  75  27  23
 101 165 218 216 216 214 212 212 209 206 204 201 198 138  27  23
  81  67 150 217 216 213 211 211 208 206 203 201 199 187  32  24
  65  62  72 203 215 213 209 207 206 204 202 200 198 195  51  23
  62  60  61 181 213 210 209 207 205 203 202 200 198 195  64  23
  61  59  59 193 213 211 210 207 205 204 202 200 199 196  62  25
  60  60  92 213 213 211 209 207 206 203 202 201 199 195  52  25
  64  87 191 213 213 210 208 208 206 203 203 202 199 179  28  25
 176 210 216 215 212 210 209 207 206 204 202 201 199 122  29  42
 221 219 218 216 213 209 207 206 204 202 200 200 187  53  30  75
 219 218 217 215 212 209 207 205 203 201 199 198 112  31  60 182
 219 219 216 214 212 210 207 204 202 200 198 140  37  31 125 189
 220 220 218 214 212 209 206 204 202 200 132  36  34 117  74 137
 205 219 218 216 213 209 207 203 174  88  35  36 145 192 184  95
  70 113 148 169 173 158 131  87  43  48 122 103 122 193 191 187
  57  54  52  50  44  40  41  76  37 155 198 193  94 135 190 188
 227 222 221 221 219 215 213 214 212 210 207 204 200  74  26  24
 105 170 219 218 217 215 214 213 211 209 207 203 201 139  30  25
  77  67 151 219 217 214 214 213 211 209 206 203 200 189  32  24
  70  61  73 209 216 214 212 210 209 207 205 203 201 198  57  27
  63  60  62 186 214 213 212 209 208 206 205 203 202 199  67  25
  63  59  61 193 214 213 212 209 208 206 205 203 201 200  62  24
  63  60  91 215 215 213 212 210 208 206 204 203 200 198  53  26
  63  87 198 218 216 213 212 210 209 206 206 205 203 183  30  29
 173 209 219 217 214 212 212 210 209 206 205 203 204 131  31  40
 224 222 221 218 214 213 211 209 208 204 202 203 194  57  29  73
 221 219 220 217 215 213 211 209 206 203 202 202 117  31  63 187
 223 221 218 215 214 214 209 207 205 204 203 148  37  29 127 192
 224 222 220 215 215 212 209 207 205 203 139  41  32 118  73 141
 212 222 219 218 215 212 209 208 178  96  34  38 144 197 185  95
  75 113 151 176 177 164 134  93  48  46 115 103 125 194 194 189
  61  54  53  49  47  45  41  77  37 159 203 195  94 140 192 191

  20  19  22  21  22  20  23  23  41  77 179 186 139  96 186 188
  25  25  31  50  64  63  57  28  27  27  55 119  73 183 190 187
  71 134 185 195 195 195 195 180 124  55  29  29 112 191 192 140
 197 197 198 197 198 198 198 200 199 191 114  35  32 143 125  93
 202 201 201 200 200 201 201 202 201 200 198 142  34  32 100 191
 205 204 203 202 204 203 202 204 202 200 199 198 136  37 119 196
 207 206 206 204 204 205 204 204 205 202 201 201 201  98  44 150
 210 209 209 207 206 205 207 206 207 204 203 203 203 179  49  35
 212 212 211 208 208 208 208 208 208 207 206 205 205 204  95  74
 212 213 212 210 210 211 210 209 210 209 208 209 207 207 143  42
 215 214 213 213 211 212 212 211 211 211 211 211 210 210 167  48
 218 217 218 215 213 213 214 213 213 214 213 213 212 214 184  48
 218 217 218 205 182 195 214 215 216 216 217 215 215 217 181  52
 220 218 148  71  59  59  90 192 219 219 218 218 220 220 156  53
 222 166  67  61  56  57  57  86 210 222 220 220 222 220 119  55
 224 107  78  66  62  59  61  61 175 222 222 221 223 207  76  59
  23  23  24  23  23  25  25  25  42  75 182 189 137  95 187 188
  27  27  32  51  64  62  52  28  29  30  60 125  74 184 191 190
  75 138 187 195 195 196 195 179 122  53  31  31 117 192 193 135
 199 198 199 198 198 199 199 199 199 187 112  37  34 145 122  94
 202 201 201 200 200 200 201 202 201 200 198 140  36  36 103 193
 205 204 203 202 202 202 202 203 202 200 199 198 132  35 122 198
 207 206 206 204 203 204 203 203 204 202 201 200 200  88  48 155
 209 209 208 206 205 205 206 206 206 204 203 202 202 174  43  37
 212 212 211 207 207 207 207 208 207 206 205 204 204 203  87  76
 212 212 211 209 209 210 209 208 209 207 207 207 206 207 131  41
 215 214 213 213 210 211 211 210 210 209 209 210 209 209 158  40
 217 216 216 215 213 213 213 213 212 213 212 212 212 213 173  44
 217 216 217 203 181 193 213 213 215 216 215 214 214 216 169  50
 219 218 150  72  61  59  92 191 216 218 217 216 218 218 148  52
 220 165  67  62  60  59  60  87 210 219 218 219 220 219 113  54
 223 101  81  65  62  61  60  64 176 221 219 219 220 205  70  57
  24  25  24  27  25  24  26  29  40  73 187 192 141  95 189 191
  26  30  32  57  67  62  53  30  31  29  63 127  73 185 194 192
  74 139 189 198 199 200 198 183 131  57  31  29 118 197 194 140
 200 201 200 201 202 201 200 203 204 194 117  37  32 144 125  94
 204 203 203 203 203 203 203 205 203 203 202 148  41  38 103 195
 207 207 206 205 205 205 204 206 205 202 202 203 139  34 115 203
 210 209 209 207 206 206 206 206 206 204 203 204 203  96  46 159
 212 211 211 209 208 208 208 209 209 208 206 205 205 178  48  37
 214 213 213 210 209 209 210 210 210 209 209 207 207 208  93  77
 213 214 214 212 212 212 212 212 212 211 211 209 209 209 134  41
 215 215 214 214 213 213 213 213 212 213 213 214 212 212 164  45
 219 217 217 216 214 214 215 216 214 214 215 214 215 215 177  47
 221 218 219 209 186 193 215 218 217 218 217 215 215 218 176  49
 221 219 151  73  62  61  91 198 219 221 220 218 220 219 151  53
 222 170  67  61  60  59  60  87 209 222 219 221 222 222 113  54
 227 105  77  70  63  63  63  63 173 224 221 223 224 212  75  61

 188 187 140  93 191 196 150  35  74  42  48  48  52  53  55  59
 186 190 192 125 100 119  44  49  95 143 167 184 181 156 119  76
  96 183 191 143  32  37  98 179 204 207 210 214 217 220 220 207
 139  73 112  32  34 136 201 203 205 207 210 212 215 220 222 223
 186 119  29  35 142 198 201 203 205 209 211 213 215 218 220 221
 179  55  29 114 198 199 201 203 206 208 211 213 217 218 220 222
  77  27  55 191 200 200 202 204 207 209 211 214 216 219 222 222
  41  27 124 199 201 202 205 207 208 210 211 213 216 219 210 175
  23  28 180 200 202 204 204 206 208 209 211 213 215 192  86  61
  23  57 195 198 201 202 204 207 208 210 212 214 214  90  57  61
  20  63 195 198 201 203 205 205 208 211 212 213 195  59  57  59
  22  64 195 198 200 204 204 206 208 210 211 213 182  59  56  62
  21  50 195 197 200 202 204 207 208 210 213 215 205  71  61  66
  22  31 185 198 201 203 206 209 211 212 213 218 218 148  67  78
  19  25 134 197 201 204 206 209 212 213 214 217 217 218 166 107
  20  25  71 197 202 205 207 210 212 212 215 218 218 220 222 224
 188 190 135  94 193 198 155  37  76  41  40  44  50  52  54  57
 187 191 193 122 103 122  48  43  87 131 158 173 169 148 113  70
  95 184 192 145  36  35  88 174 203 207 209 213 216 218 219 205
 137  74 117  34  36 132 200 202 204 206 209 212 214 218 220 220
 189 125  31  37 140 198 200 202 204 207 210 212 214 216 219 219
 182  60  31 112 198 199 201 203 205 207 209 212 215 217 218 219
  75  30  53 187 200 200 202 204 206 207 209 213 216 218 219 221
  42  29 122 199 201 202 204 206 207 209 210 212 215 216 210 176
  25  28 179 199 202 203 203 206 208 208 210 213 213 191  87  64
  25  52 195 199 201 202 203 206 207 209 211 213 213  92  60  60
  25  62 196 199 200 202 204 205 207 210 211 213 193  59  59  61
  23  64 195 198 200 202 203 205 207 209 210 213 181  61  60  62
  23  51 195 198 200 202 204 206 207 209 213 215 203  72  62  65
  24  32 187 199 201 203 206 208 211 211 213 216 217 150  67  81
  23  27 138 198 201 204 206 209 212 212 214 216 216 218 165 101
  23  27  75 199 202 205 207 209 212 212 215 217 217 219 220 223
 191 192 140  94 195 203 159  37  77  41  45  47  49  53  54  61
 189 194 194 125 103 115  46  48  93 134 164 177 176 151 113  75
  95 185 197 144  38  34  96 178 208 209 212 215 218 219 222 212
 141  73 118  32  41 139 203 205 207 209 212 215 215 220 222 224
 192 127  29  37 148 203 204 205 207 209 214 214 215 218 221 223
 187  63  31 117 202 202 203 206 209 211 213 215 217 220 219 221
  73  29  57 194 203 202 204 208 209 211 213 214 218 221 222 224
  40  31 131 204 203 205 206 209 210 212 212 214 217 219 209 173
  29  30 183 203 205 206 206 209 210 212 213 216 218 198  87  63
  26  53 198 200 203 204 206 208 210 212 213 215 215  91  60  63
  24  62 200 201 203 205 206 208 209 212 213 214 193  61  59  63
  25  67 199 202 203 205 206 208 209 212 213 214 186  62  60  63
  27  57 198 201 203 205 207 209 210 212 214 216 209  73  61  70
  24  32 189 200 203 206 209 211 213 214 214 217 219 151  67  77
  25  30 139 201 203 207 209 211 213 214 215 217 218 219 170 105
  24  26  74 200 204 207 210 212 214 213 215 219 221 221 222 227

  59  76 207 223 221 222 222 175  61  61  59  62  66  78 107 224
  55 119 220 222 220 220 222 210  86  57  57  56  61  67 166 222
  53 156 220 220 218 218 219 219 192  90  59  59  71 148 218 220
  52 181 217 215 215 217 216 216 215 214 195 182 205 218 217 218
  48 184 214 212 213 213 214 213 213 214 213 213 215 218 217 218
  48 167 210 210 211 211 211 211 211 212 212 211 213 213 214 215
  42 143 207 207 209 208 209 210 209 210 211 210 210 212 213 212
  74  95 204 205 205 206 207 208 208 208 208 208 208 211 212 212
  35  49 179 203 203 203 204 207 206 207 205 206 207 209 209 210
 150  44  98 201 201 201 202 205 204 204 205 204 204 206 206 207
 196 119  37 136 198 199 200 202 204 202 203 204 202 203 204 205
 191 100  32  34 142 198 200 201 202 201 201 200 200 201 201 202
  93 125 143  32  35 114 191 199 200 198 198 198 197 198 197 197
 140 192 191 112  29  29  55 124 180 195 195 195 195 185 134  71
 187 190 183  73 119  55  27  27  28  57  63  64  50  31  25  25
 188 186  96 139 186 179  77  41  23  23  20  22  21  22  19  20
  57  70 205 220 219 219 221 176  64  60  61  62  65  81 101 223
  54 113 219 220 219 218 219 210  87  60  59  60  62  67 165 220
  52 148 218 218 216 217 218 216 191  92  59  61  72 150 218 219
  50 169 216 214 214 215 216 215 213 213 193 181 203 217 216 217
  44 173 213 212 212 212 213 212 213 213 213 213 215 216 216 217
  40 158 209 209 210 209 209 210 210 211 211 210 213 213 214 215
  41 131 207 206 207 207 207 209 208 209 210 209 209 211 212 212
  76  87 203 204 204 205 206 207 208 207 207 207 207 211 212 212
  37  43 174 202 202 203 204 206 206 206 205 205 206 208 209 209
 155  48  88 200 200 201 202 204 203 203 204 203 204 206 206 207
 198 122  35 132 198 199 200 202 203 202 202 202 202 203 204 205
 193 103  36  36 140 198 200 201 202 201 200 200 200 201 201 202
  94 122 145  34  37 112 187 199 199 199 199 198 198 199 198 199
 135 193 192 117  31  31  53 122 179 195 196 195 195 187 138  75
 190 191 184  74 125  60  30  29  28  52  62  64  51  32  27  27
 188 187  95 137 189 182  75  42  25  25  25  23  23  24  23  23
  61  75 212 224 223 221 224 173  63  63  63  63  70  77 105 227
  54 113 222 222 221 219 222 209  87  60  59  60  61  67 170 222
  53 151 219 220 218 220 221 219 198  91  61  62  73 151 219 221
  49 176 218 215 215 217 218 217 218 215 193 186 209 219 218 221
  47 177 215 215 214 215 214 214 216 215 214 214 216 217 217 219
  45 164 212 212 214 213 213 212 213 213 213 213 214 214 215 215
  41 134 209 209 209 211 211 212 212 212 212 212 212 214 214 213
  77  93 208 207 207 209 209 210 210 210 209 209 210 213 213 214
  37  48 178 205 205 206 208 209 209 208 208 208 209 211 211 212
 159  46  96 203 204 203 204 206 206 206 206 206 207 209 209 210
 203 115  34 139 203 202 202 205 206 204 205 205 205 206 207 207
 195 103  38  41 148 202 203 203 205 203 203 203 203 203 203 204
  94 125 144  32  37 117 194 204 203 200 201 202 201 200 201 200
 140 194 197 118  29  31  57 131 183 198 200 199 198 189 139  74
 192 194 185  73 127  63  29  31  30  53  62  67  57  32  30  26
 191 189  95 141 192 187  73  40  29  26  24  25  27  24  25  24

