  50  53  53  53  56  56  54  53  52  55  56 101 183 205 191 155
  53  55  55  58  69 108 110 123 116  99  71  56  55  56  51  44
  55  58  70 148 211 227 229 227 225 221 213 164  94  48  42  40
  56  94 207 235 234 232 230 228 227 224 222 218 212 161  57  37
 104 225 236 236 233 233 231 228 227 225 222 219 217 215 198  77
 218 238 234 233 232 232 229 227 226 224 221 221 218 217 213 194
 239 238 237 233 230 231 227 227 225 222 219 220 218 216 212 209
 239 237 238 235 233 233 229 225 224 222 220 219 218 215 213 210
 240 240 238 235 236 233 230 227 224 223 220 220 219 217 214 211
 242 239 239 237 235 232 230 227 224 223 221 220 218 217 214 210
 244 240 240 238 235 233 230 227 225 223 221 219 217 214 212 210
 243 241 239 235 234 232 228 227 225 223 221 218 217 214 212 210
 241 240 236 233 233 232 209 178 180 211 219 219 216 214 212 210
 243 239 235 234 232 153 130 114  59  79 179 219 217 214 211 210
 244 241 240 235 174 110 223 217  77  45  62 195 216 212 211 209
 241 240 238 233 112  82 202 194  52  43  42 133 213 211 210 207
  53  54  56  57  58  58  56  55  56  57  57  99 179 204 189 152
  57  57  58  61  72 107 111 121 117  97  68  56  54  51  46  41
  57  59  75 148 213 229 228 228 225 223 215 164  96  50  43  40
  59  95 208 234 232 231 228 228 226 224 223 220 216 164  59  40
 104 226 235 234 233 231 230 228 227 225 223 220 218 216 202  77
 216 235 233 233 231 230 228 227 226 224 222 220 219 218 214 195
 237 236 235 232 230 230 228 227 225 223 220 221 219 217 214 211
 237 238 236 233 232 231 228 226 224 223 220 219 218 216 214 211
 238 237 236 234 234 232 229 227 224 223 221 221 219 217 215 212
 241 237 237 235 233 231 229 227 225 223 222 221 219 217 215 211
 241 239 238 237 234 232 229 227 224 222 221 220 218 215 214 211
 240 238 237 234 233 232 228 226 225 223 221 219 217 215 213 211
 239 238 234 233 233 232 205 170 172 208 220 219 217 216 213 211
 241 237 234 234 231 147 129 116  55  67 166 218 217 215 213 211
 240 238 237 233 171 104 223 221  79  46  50 191 216 213 212 209
 238 237 235 232 111  76 194 189  54  44  41 127 213 212 210 208
  58  60  60  62  61  62  63  60  62  61  61 105 191 212 196 161
  61  64  64  67  73 107 113 122 117 100  73  58  59  58  55  47
  62  66  77 150 218 234 237 233 232 227 218 164  95  50  48  44
  66 102 213 244 241 240 238 236 234 230 228 225 219 164  59  44
 107 230 246 245 241 238 236 234 232 232 228 225 223 221 204  78
 223 247 243 242 238 238 238 233 233 231 228 225 224 222 219 197
 246 246 246 243 237 238 236 234 233 229 227 226 224 221 219 216
 247 249 246 242 239 240 234 232 231 229 227 225 224 221 219 216
 249 245 245 242 243 239 236 234 232 229 227 226 224 223 220 217
 250 247 244 244 243 241 237 235 231 228 227 226 224 222 221 217
 250 250 246 245 243 240 237 234 232 228 227 226 222 219 218 214
 250 249 244 244 241 238 234 233 231 228 226 224 222 219 218 216
 249 247 242 242 240 238 210 175 177 213 225 223 221 219 217 216
 251 247 244 242 238 153 132 115  61  69 173 223 222 220 217 216
 250 249 245 240 179 112 228 225  83  49  57 197 220 218 216 215
 249 247 246 241 119  81 202 192  55  47  44 132 216 216 215 213

 155  44  40  37  77 194 209 210 211 210 210 210 210 210 209 207
 191  51  42  57 198 213 212 213 214 214 212 212 212 211 211 210
 205  56  48 161 215 217 216 215 217 217 214 214 214 214 212 211
 183  55  94 212 217 218 218 218 219 218 217 217 216 217 216 213
 101  56 164 218 219 221 220 219 220 220 219 218 219 219 195 133
  56  71 213 222 222 221 219 220 220 221 221 221 219 179  62  42
  55  99 221 224 225 224 222 222 223 223 223 223 211  79  45  43
  52 116 225 227 227 226 225 224 224 224 225 225 180  59  77  52
  53 123 227 228 228 227 227 225 227 227 227 227 178 114 217 194
  54 110 229 230 231 229 227 229 230 230 230 228 209 130 223 202
  56 108 227 232 233 232 231 233 233 232 233 232 232 153 110  82
  56  69 211 234 233 232 230 233 236 235 235 234 233 232 174 112
  53  58 148 235 236 233 233 235 235 237 238 235 233 234 235 233
  53  55  70 207 236 234 237 238 238 239 240 239 236 235 240 238
  53  55  58  94 225 238 238 237 240 239 240 241 240 239 241 240
  50  53  55  56 104 218 239 239 240 242 244 243 241 243 244 241
 152  41  40  40  77 195 211 211 212 211 211 211 211 211 209 208
 189  46  43  59 202 214 214 214 215 215 214 213 213 213 212 210
 204  51  50 164 216 218 217 216 217 217 215 215 216 215 213 212
 179  54  96 216 218 219 219 218 219 219 218 217 217 217 216 213
  99  56 164 220 220 220 221 219 221 221 220 219 219 218 191 127
  57  68 215 223 223 222 220 220 221 222 221 221 220 166  50  41
  57  97 223 224 225 224 223 223 223 223 222 223 208  67  46  44
  56 117 225 226 227 226 225 224 224 225 224 225 172  55  79  54
  55 121 228 228 228 227 227 226 227 227 227 226 170 116 221 189
  56 111 228 228 230 228 228 228 229 229 229 228 205 129 223 194
  58 107 229 231 231 230 230 231 232 231 232 232 232 147 104  76
  58  72 213 232 233 231 230 232 234 233 234 233 233 231 171 111
  57  61 148 234 234 233 232 233 234 235 237 234 233 234 233 232
  56  58  75 208 235 233 235 236 236 237 238 237 234 234 237 235
  54  57  59  95 226 235 236 238 237 237 239 238 238 237 238 237
  53  57  57  59 104 216 237 237 238 241 241 240 239 241 240 238
 161  47  44  44  78 197 216 216 217 217 214 216 216 216 215 213
 196  55  48  59 204 219 219 219 220 221 218 218 217 217 216 215
 212  58  50 164 221 222 221 221 223 222 219 219 219 220 218 216
 191  59  95 219 223 224 224 224 224 224 222 222 221 222 220 216
 105  58 164 225 225 225 226 225 226 226 226 224 223 223 197 132
  61  73 218 228 228 228 227 227 227 227 227 226 225 173  57  44
  61 100 227 230 232 231 229 229 229 228 228 228 213  69  49  47
  62 117 232 234 232 233 233 231 232 231 232 231 177  61  83  55
  60 122 233 236 234 233 234 232 234 235 234 233 175 115 225 192
  63 113 237 238 236 238 236 234 236 237 237 234 210 132 228 202
  62 107 234 240 238 238 238 240 239 241 240 238 238 153 112  81
  61  73 218 241 241 238 237 239 243 243 243 241 240 238 179 119
  62  67 150 244 245 242 243 242 242 244 245 244 242 242 240 241
  60  64  77 213 246 243 246 246 245 244 246 244 242 244 245 246
  60  64  66 102 230 247 246 249 245 247 250 249 247 247 249 247
  58  61  62  66 107 223 246 247 249 250 250 250 249 251 250 249

 207 210 211 213 133  42  43  52 194 202  82 112 233 238 240 241
 209 211 212 216 195  62  45  77 217 223 110 174 235 240 241 244
 210 211 214 217 219 179  79  59 114 130 153 232 234 235 239 243
 210 212 214 216 219 219 211 180 178 209 232 233 233 236 240 241
 210 212 214 217 218 221 223 225 227 228 232 234 235 239 241 243
 210 212 214 217 219 221 223 225 227 230 233 235 238 240 240 244
 210 214 217 218 220 221 223 224 227 230 232 235 237 239 239 242
 211 214 217 219 220 220 223 224 227 230 233 236 235 238 240 240
 210 213 215 218 219 220 222 224 225 229 233 233 235 238 237 239
 209 212 216 218 220 219 222 225 227 227 231 230 233 237 238 239
 194 213 217 218 221 221 224 226 227 229 232 232 233 234 238 218
  77 198 215 217 219 222 225 227 228 231 233 233 236 236 225 104
  37  57 161 212 218 222 224 227 228 230 232 234 235 207  94  56
  40  42  48  94 164 213 221 225 227 229 227 211 148  70  58  55
  44  51  56  55  56  71  99 116 123 110 108  69  58  55  55  53
 155 191 205 183 101  56  55  52  53  54  56  56  53  53  53  50
 208 210 212 213 127  41  44  54 189 194  76 111 232 235 237 238
 209 212 213 216 191  50  46  79 221 223 104 171 233 237 238 240
 211 213 215 217 218 166  67  55 116 129 147 231 234 234 237 241
 211 213 216 217 219 220 208 172 170 205 232 233 233 234 238 239
 211 213 215 217 219 221 223 225 226 228 232 233 234 237 238 240
 211 214 215 218 220 221 222 224 227 229 232 234 237 238 239 241
 211 215 217 219 221 222 223 225 227 229 231 233 235 237 237 241
 212 215 217 219 221 221 223 224 227 229 232 234 234 236 237 238
 211 214 216 218 219 220 223 224 226 228 231 232 233 236 238 237
 211 214 217 219 221 220 223 225 227 228 230 230 232 235 236 237
 195 214 218 219 220 222 224 226 227 228 230 231 233 233 235 216
  77 202 216 218 220 223 225 227 228 230 231 233 234 235 226 104
  40  59 164 216 220 223 224 226 228 228 231 232 234 208  95  59
  40  43  50  96 164 215 223 225 228 228 229 213 148  75  59  57
  41  46  51  54  56  68  97 117 121 111 107  72  61  58  57  57
 152 189 204 179  99  57  57  56  55  56  58  58  57  56  54  53
 213 215 216 216 132  44  47  55 192 202  81 119 241 246 247 249
 215 216 218 220 197  57  49  83 225 228 112 179 240 245 249 250
 216 217 220 222 223 173  69  61 115 132 153 238 242 244 247 251
 216 217 219 221 223 225 213 177 175 210 238 240 242 242 247 249
 216 218 219 222 224 226 228 231 233 234 238 241 244 244 249 250
 214 218 219 222 226 227 228 232 234 237 240 243 245 246 250 250
 217 221 222 224 226 227 228 231 235 237 241 243 244 244 247 250
 217 220 223 224 226 227 229 232 234 236 239 243 242 245 245 249
 216 219 221 224 225 227 229 231 232 234 240 239 242 246 249 247
 216 219 221 224 226 227 229 233 234 236 238 237 243 246 246 246
 197 219 222 224 225 228 231 233 233 238 238 238 242 243 247 223
  78 204 221 223 225 228 232 232 234 236 238 241 245 246 230 107
  44  59 164 219 225 228 230 234 236 238 240 241 244 213 102  66
  44  48  50  95 164 218 227 232 233 237 234 218 150  77  66  62
  47  55  58  59  58  73 100 117 122 113 107  73  67  64  64  61
 161 196 212 191 105  61  61  62  60  63  62  61  62  60  60  58

 241 244 243 241 243 244 242 240 239 239 218 104  56  55  53  50
 240 241 239 240 241 240 239 240 237 238 238 225  94  58  55  53
 238 240 235 236 239 240 239 238 238 237 234 236 207  70  55  53
 233 235 234 233 235 238 237 235 235 233 233 236 235 148  58  53
 112 174 232 233 234 235 235 236 233 230 232 233 234 211  69  56
  82 110 153 232 232 233 232 233 233 231 232 233 232 227 108  56
 202 223 130 209 228 230 230 230 229 227 229 231 230 229 110  54
 194 217 114 178 227 227 227 227 225 227 227 228 228 227 123  53
  52  77  59 180 225 225 224 224 224 225 226 227 227 225 116  52
  43  45  79 211 223 223 223 223 222 222 224 225 224 221  99  55
  42  62 179 219 221 221 221 220 220 219 221 222 222 213  71  56
 133 195 219 219 218 219 220 220 219 220 221 219 218 164  56 101
 213 216 217 216 217 217 218 219 218 218 218 217 212  94  55 183
 211 212 214 214 214 214 217 217 215 216 217 215 161  48  56 205
 210 211 211 212 212 212 214 214 213 212 213 198  57  42  51 191
 207 209 210 210 210 210 210 211 210 209 194  77  37  40  44 155
 238 240 241 239 240 241 241 238 237 237 216 104  59  57  57  53
 237 238 237 238 238 239 237 237 238 236 235 226  95  59  57  54
 235 237 234 234 237 238 237 236 236 235 233 235 208  75  58  56
 232 233 234 233 234 237 235 234 233 232 233 234 234 148  61  57
 111 171 231 233 233 234 233 234 232 230 231 233 232 213  72  58
  76 104 147 232 232 232 231 232 231 230 230 231 231 229 107  58
 194 223 129 205 228 229 229 229 228 228 228 230 228 228 111  56
 189 221 116 170 226 227 227 227 226 227 227 228 228 228 121  55
  54  79  55 172 225 224 225 224 224 225 226 227 226 225 117  56
  44  46  67 208 223 222 223 223 223 223 224 225 224 223  97  57
  41  50 166 220 221 221 222 221 220 220 222 223 223 215  68  57
 127 191 218 219 219 220 221 221 219 221 220 220 220 164  56  99
 213 216 217 217 217 218 219 219 218 219 219 218 216  96  54 179
 212 213 215 216 215 215 217 217 216 217 218 216 164  50  51 204
 210 212 213 213 213 214 215 215 214 214 214 202  59  43  46 189
 208 209 211 211 211 211 211 212 211 211 195  77  40  40  41 152
 249 250 251 249 250 250 250 249 247 246 223 107  66  62  61  58
 247 249 247 247 249 250 247 245 249 246 247 230 102  66  64  60
 246 245 244 242 244 246 244 245 246 246 243 246 213  77  64  60
 241 240 242 242 244 245 244 242 242 243 242 245 244 150  67  62
 119 179 238 240 241 243 243 243 239 237 238 241 241 218  73  61
  81 112 153 238 238 240 241 239 240 238 238 238 240 234 107  62
 202 228 132 210 234 237 237 236 234 236 238 236 238 237 113  63
 192 225 115 175 233 234 235 234 232 234 233 234 236 233 122  60
  55  83  61 177 231 232 231 232 231 233 233 232 234 232 117  62
  47  49  69 213 228 228 228 229 229 229 231 232 230 227 100  61
  44  57 173 225 226 227 227 227 227 227 228 228 228 218  73  61
 132 197 223 223 224 226 226 226 225 226 225 225 225 164  58 105
 216 220 222 221 222 222 224 224 224 224 224 223 219  95  59 191
 216 218 220 219 219 219 222 223 221 221 222 221 164  50  58 212
 215 216 217 217 218 218 221 220 219 219 219 204  59  48  55 196
 213 215 216 216 216 214 217 217 216 216 197  78  44  44  47 161

