  85 103 241 253 255 255 255 255 255 255 255 255 255 255 254 247
  84 152 254 253 255 255 255 255 255 255 255 255 255 255 255 254
  85 212 253 254 255 255 255 255 255 255 255 255 255 255 255 254
  97 252 254 254 255 255 255 255 255 255 255 255 255 255 255 255
 155 254 254 255 255 255 255 255 255 255 255 255 255 255 255 255
 217 255 255 255 255 255 255 255 255 255 255 255 255 255 255 255
 253 255 255 255 255 255 255 255 255 255 255 255 255 255 255 255
 254 255 255 255 255 255 255 255 255 255 255 255 254 254 255 255
 253 255 255 255 255 255 254 254 245 152 128 129 190 254 254 255
 254 255 255 255 255 255 254 237 105  87  82  82  83 163 254 254
 254 255 255 255 254 254 254 156 102  92  77  78  77  90 242 255
 254 254 255 255 254 255 254 157 251 223  86  77  75  77 190 253
 240 254 255 255 255 254 254 169 254 247  92  77  75  75 209 254
 160 243 254 254 254 255 254 186 135 110  81  75  74  94 252 197
 221 106 218 254 254 255 254 251 158  91  79  77  96 209 164  78
 146 187  98 157 241 254 254 254 254 228 176 217 213 125  71  70
  84 100 241 254 255 255 255 255 255 255 255 255 255 255 254 247
  84 152 254 254 255 255 255 255 255 255 255 255 255 255 254 254
  85 211 254 254 255 255 255 255 255 255 255 255 255 255 255 254
  95 253 254 254 255 255 255 255 255 255 255 255 255 255 255 255
 158 254 254 255 255 255 255 255 255 255 255 255 255 255 255 255
 219 255 255 255 255 255 255 255 255 255 255 255 255 255 255 255
 254 255 255 255 255 255 255 255 255 255 255 255 255 255 255 255
 254 255 255 255 255 255 255 255 255 255 255 255 254 254 254 255
 254 255 255 255 255 255 254 254 247 157 128 131 192 254 254 255
 254 254 255 255 255 255 254 237 102  84  82  81  83 166 254 254
 254 255 255 255 255 254 254 156  94  88  80  78  78  90 243 254
 254 255 255 255 255 254 254 158 250 225  86  76  74  77 192 254
 240 254 255 255 255 254 254 170 254 248  90  76  74  76 213 254
 161 245 254 254 254 254 254 187 135 112  80  75  74  98 254 197
 221 109 221 254 254 254 254 251 152  91  78  79  98 213 163  76
 146 187  95 157 240 254 254 254 254 228 176 217 213 117  70  72
  87 101 240 254 255 255 255 255 255 255 255 255 255 255 253 247
  90 158 254 254 255 255 255 255 255 255 255 255 255 255 254 254
  85 199 254 254 255 255 255 255 255 255 255 255 255 255 254 254
  97 250 254 255 255 255 255 255 255 255 255 255 255 255 255 255
 163 254 254 255 255 255 255 255 255 255 255 255 255 255 255 255
 210 255 255 255 255 255 255 255 255 255 255 255 255 255 255 255
 253 255 255 255 255 255 255 255 255 255 255 255 255 255 255 255
 253 255 255 255 255 255 255 255 255 255 255 255 254 254 255 255
 253 255 255 255 255 255 254 254 248 161 135 131 189 254 254 255
 254 255 255 255 255 255 254 237 114  91  89  89  88 154 253 254
 254 254 255 255 254 254 253 170  99  91  83  84  84  91 238 254
 253 254 255 255 254 254 254 153 250 224  97  84  82  82 184 254
 240 254 255 255 254 254 253 168 252 246  98  82  80  79 200 254
 162 245 254 254 254 254 253 190 138 116  84  82  81  87 252 200
 218 103 222 254 254 254 254 251 160  95  85  82 101 213 166  85
 135 191  99 155 237 254 254 254 254 226 176 216 210 123  79  78

 247 254 254 255 255 255 255 255 255 254 255 253 254 197  78  70
 254 255 255 255 255 255 255 255 254 254 242 190 209 252 164  71
 255 255 255 255 255 255 255 254 254 163  90  77  75  94 209 125
 255 255 255 255 255 255 255 254 190  83  77  75  75  74  96 213
 255 255 255 255 255 255 255 255 129  82  78  77  77  75  77 217
 255 255 255 255 255 255 255 255 128  82  77  86  92  81  79 176
 255 255 255 255 255 255 255 255 152  87  92 223 247 110  91 228
 255 255 255 255 255 255 255 255 245 105 102 251 254 135 158 254
 255 255 255 255 255 255 255 255 254 237 156 157 169 186 251 254
 255 255 255 255 255 255 255 255 254 254 254 254 254 254 254 254
 255 255 255 255 255 255 255 255 255 255 254 255 254 255 255 254
 255 255 255 255 255 255 255 255 255 255 254 254 255 254 254 241
 253 253 254 254 255 255 255 255 255 255 255 255 255 254 254 157
 241 254 253 254 254 255 255 255 255 255 255 255 255 254 218  98
 103 152 212 252 254 255 255 255 255 255 255 254 254 243 106 187
  85  84  85  97 155 217 253 254 253 254 254 254 240 160 221 146
 247 254 254 255 255 255 255 255 255 254 254 254 254 197  76  72
 254 254 255 255 255 255 255 254 254 254 243 192 213 254 163  70
 255 255 255 255 255 255 255 254 254 166  90  77  76  98 213 117
 255 255 255 255 255 255 255 254 192  83  78  74  74  74  98 213
 255 255 255 255 255 255 255 255 131  81  78  76  76  75  79 217
 255 255 255 255 255 255 255 255 128  82  80  86  90  80  78 176
 255 255 255 255 255 255 255 255 157  84  88 225 248 112  91 228
 255 255 255 255 255 255 255 255 247 102  94 250 254 135 152 254
 255 255 255 255 255 255 255 255 254 237 156 158 170 187 251 254
 255 255 255 255 255 255 255 255 254 254 254 254 254 254 254 254
 255 255 255 255 255 255 255 255 255 255 254 254 254 254 254 254
 255 255 255 255 255 255 255 255 255 255 255 255 255 254 254 240
 254 254 254 254 255 255 255 255 255 255 255 255 255 254 254 157
 241 254 254 254 254 255 255 255 255 255 255 255 255 254 221  95
 100 152 211 253 254 255 255 255 255 254 255 255 254 245 109 187
  84  84  85  95 158 219 254 254 254 254 254 254 240 161 221 146
 247 254 254 255 255 255 255 255 255 254 254 254 254 200  85  78
 253 254 254 255 255 255 255 255 254 253 238 184 200 252 166  79
 255 255 255 255 255 255 255 254 254 154  91  82  79  87 213 123
 255 255 255 255 255 255 255 254 189  88  84  82  80  81 101 210
 255 255 255 255 255 255 255 255 131  89  84  84  82  82  82 216
 255 255 255 255 255 255 255 255 135  89  83  97  98  84  85 176
 255 255 255 255 255 255 255 255 161  91  91 224 246 116  95 226
 255 255 255 255 255 255 255 255 248 114  99 250 252 138 160 254
 255 255 255 255 255 255 255 255 254 237 170 153 168 190 251 254
 255 255 255 255 255 255 255 255 254 254 253 254 253 253 254 254
 255 255 255 255 255 255 255 255 255 255 254 254 254 254 254 254
 255 255 255 255 255 255 255 255 255 255 254 254 254 254 254 237
 254 254 254 255 255 255 255 255 255 255 255 255 255 254 254 155
 240 254 254 254 254 255 255 255 255 255 255 255 255 254 222  99
 101 158 199 250 254 255 255 255 255 255 254 254 254 245 103 191
  87  90  85  97 163 210 253 253 253 254 254 253 240 162 218 135

  70  71 125 213 217 176 228 254 254 254 254 241 157  98 187 146
  78 164 209  96  77  79  91 158 251 254 255 254 254 218 106 221
 197 252  94  74  75  81 110 135 186 254 255 254 254 254 243 160
 254 209  75  75  77  92 247 254 169 254 254 255 255 255 254 240
 253 190  77  75  77  86 223 251 157 254 255 254 255 255 254 254
 255 242  90  77  78  77  92 102 156 254 254 254 255 255 255 254
 254 254 163  83  82  82  87 105 237 254 255 255 255 255 255 254
 255 254 254 190 129 128 152 245 254 254 255 255 255 255 255 253
 255 255 254 254 255 255 255 255 255 255 255 255 255 255 255 254
 255 255 255 255 255 255 255 255 255 255 255 255 255 255 255 253
 255 255 255 255 255 255 255 255 255 255 255 255 255 255 255 217
 255 255 255 255 255 255 255 255 255 255 255 255 255 254 254 155
 255 255 255 255 255 255 255 255 255 255 255 255 254 254 252  97
 254 255 255 255 255 255 255 255 255 255 255 255 254 253 212  85
 254 255 255 255 255 255 255 255 255 255 255 255 253 254 152  84
 247 254 255 255 255 255 255 255 255 255 255 255 253 241 103  85
  72  70 117 213 217 176 228 254 254 254 254 240 157  95 187 146
  76 163 213  98  79  78  91 152 251 254 254 254 254 221 109 221
 197 254  98  74  75  80 112 135 187 254 254 254 254 254 245 161
 254 213  76  74  76  90 248 254 170 254 254 255 255 255 254 240
 254 192  77  74  76  86 225 250 158 254 254 255 255 255 255 254
 254 243  90  78  78  80  88  94 156 254 254 255 255 255 255 254
 254 254 166  83  81  82  84 102 237 254 255 255 255 255 254 254
 255 254 254 192 131 128 157 247 254 254 255 255 255 255 255 254
 255 254 254 254 255 255 255 255 255 255 255 255 255 255 255 254
 255 255 255 255 255 255 255 255 255 255 255 255 255 255 255 254
 255 255 255 255 255 255 255 255 255 255 255 255 255 255 255 219
 255 255 255 255 255 255 255 255 255 255 255 255 255 254 254 158
 255 255 255 255 255 255 255 255 255 255 255 255 254 254 253  95
 254 255 255 255 255 255 255 255 255 255 255 255 254 254 211  85
 254 254 255 255 255 255 255 255 255 255 255 255 254 254 152  84
 247 254 255 255 255 255 255 255 255 255 255 255 254 241 100  84
  78  79 123 210 216 176 226 254 254 254 254 237 155  99 191 135
  85 166 213 101  82  85  95 160 251 254 254 254 254 222 103 218
 200 252  87  81  82  84 116 138 190 253 254 254 254 254 245 162
 254 200  79  80  82  98 246 252 168 253 254 254 255 255 254 240
 254 184  82  82  84  97 224 250 153 254 254 254 255 255 254 253
 254 238  91  84  84  83  91  99 170 253 254 254 255 255 254 254
 254 253 154  88  89  89  91 114 237 254 255 255 255 255 255 254
 255 254 254 189 131 135 161 248 254 254 255 255 255 255 255 253
 255 255 254 254 255 255 255 255 255 255 255 255 255 255 255 253
 255 255 255 255 255 255 255 255 255 255 255 255 255 255 255 253
 255 255 255 255 255 255 255 255 255 255 255 255 255 255 255 210
 255 255 255 255 255 255 255 255 255 255 255 255 255 254 254 163
 255 255 255 255 255 255 255 255 255 255 255 255 255 254 250  97
 254 254 255 255 255 255 255 255 255 255 255 255 254 254 199  85
 254 254 255 255 255 255 255 255 255 255 255 255 254 254 158  90
 247 253 255 255 255 255 255 255 255 255 255 255 254 240 101  87

 146 221 160 240 254 254 254 253 254 253 217 155  97  85  84  85
 187 106 243 254 254 255 255 255 255 255 255 254 252 212 152 103
  98 218 254 255 255 255 255 255 255 255 255 254 254 253 254 241
 157 254 254 255 255 255 255 255 255 255 255 255 254 254 253 253
 241 254 254 255 254 254 255 255 255 255 255 255 255 255 255 255
 254 255 255 254 255 254 255 255 255 255 255 255 255 255 255 255
 254 254 254 254 254 254 254 254 255 255 255 255 255 255 255 255
 254 251 186 169 157 156 237 254 255 255 255 255 255 255 255 255
 254 158 135 254 251 102 105 245 255 255 255 255 255 255 255 255
 228  91 110 247 223  92  87 152 255 255 255 255 255 255 255 255
 176  79  81  92  86  77  82 128 255 255 255 255 255 255 255 255
 217  77  75  77  77  78  82 129 255 255 255 255 255 255 255 255
 213  96  74  75  75  77  83 190 254 255 255 255 255 255 255 255
 125 209  94  75  77  90 163 254 254 255 255 255 255 255 255 255
  71 164 252 209 190 242 254 254 255 255 255 255 255 255 255 254
  70  78 197 254 253 255 254 255 255 255 255 255 255 254 254 247
 146 221 161 240 254 254 254 254 254 254 219 158  95  85  84  84
 187 109 245 254 255 255 254 255 255 255 255 254 253 211 152 100
  95 221 254 255 255 255 255 255 255 255 255 254 254 254 254 241
 157 254 254 255 255 255 255 255 255 255 255 255 254 254 254 254
 240 254 254 255 255 255 255 255 255 255 255 255 255 255 255 255
 254 254 254 254 254 254 255 255 255 255 255 255 255 255 255 255
 254 254 254 254 254 254 254 254 255 255 255 255 255 255 255 255
 254 251 187 170 158 156 237 254 255 255 255 255 255 255 255 255
 254 152 135 254 250  94 102 247 255 255 255 255 255 255 255 255
 228  91 112 248 225  88  84 157 255 255 255 255 255 255 255 255
 176  78  80  90  86  80  82 128 255 255 255 255 255 255 255 255
 217  79  75  76  76  78  81 131 255 255 255 255 255 255 255 255
 213  98  74  74  74  78  83 192 254 255 255 255 255 255 255 255
 117 213  98  76  77  90 166 254 254 255 255 255 255 255 255 255
  70 163 254 213 192 243 254 254 254 255 255 255 255 255 254 254
  72  76 197 254 254 254 254 255 255 255 255 255 255 254 254 247
 135 218 162 240 253 254 254 253 253 253 210 163  97  85  90  87
 191 103 245 254 254 254 255 255 255 255 255 254 250 199 158 101
  99 222 254 255 255 255 255 255 255 255 255 254 254 254 254 240
 155 254 254 255 255 255 255 255 255 255 255 255 255 254 254 254
 237 254 254 254 254 254 255 255 255 255 255 255 255 255 255 255
 254 254 254 254 254 254 255 255 255 255 255 255 255 255 255 255
 254 254 253 253 254 253 254 254 255 255 255 255 255 255 255 255
 254 251 190 168 153 170 237 254 255 255 255 255 255 255 255 255
 254 160 138 252 250  99 114 248 255 255 255 255 255 255 255 255
 226  95 116 246 224  91  91 161 255 255 255 255 255 255 255 255
 176  85  84  98  97  83  89 135 255 255 255 255 255 255 255 255
 216  82  82  82  84  84  89 131 255 255 255 255 255 255 255 255
 210 101  81  80  82  84  88 189 254 255 255 255 255 255 255 255
 123 213  87  79  82  91 154 254 254 255 255 255 255 255 255 255
  79 166 252 200 184 238 253 254 255 255 255 255 255 254 254 253
  78  85 200 254 254 254 254 255 255 255 255 255 255 254 254 247

