  68  69 174 166  66  65  65 105  61 113 254 254 208  62  57  54
  69 139 180  66  64  62  62  59  60 126 254 254 206  58  53  53
  73 212  85  64  64  61  60  57  57 122 253 254 208  56  52  50
 135 147  66  65  62  60  60  59  59 119 253 253 202  53  51  53
 193  73  66  64  63  61  57  57  60  70 101  99  99  54  52  50
 187  68  65  64  62  62  59  58  58  58  60  57  54  51  51  50
 158  69  63  63  61  61  60  58  59  58  56  54  52  51  50  50
 137  69  64  63  64  63  61  59  57  56  59  58  55  53  52  49
  80  67  65  64  62  62  60  57  57  59  90 186 140  54  49  49
  69  66  66  64  62  61  59  56  55  57 155 254 201  57  52  48
  74  68  67  63  62  62  58  57  55  61  97 199 149  58  51  51
 103  63  66  64  62  62  59  56  56 107 212 203 197  59  51  48
 142 121  66  64  62  61  59  56  60 122 253 254 233  54  49  49
  80 207  86  64  62  61  59  56  59 113 253 253 239  57  49  49
  73 129 176  74  64  62  61  62  60 128 254 254 249  59  53  49
  64  66 142 211  64  65  64  98  60 133 253 252 249  66  53  51
  72  71 174 169  70  69  69 104  66 115 254 254 208  62  59  56
  71 137 180  71  68  66  66  62  64 127 254 254 212  62  58  55
  74 211  87  68  67  66  63  61  63 120 254 254 211  61  57  56
 134 151  70  69  66  65  64  62  64 117 254 253 202  58  56  56
 193  78  70  69  66  65  64  63  63  72 101 102 104  60  57  57
 186  71  69  68  66  66  64  62  63  63  63  61  58  58  56  55
 157  71  68  68  67  66  65  63  63  62  62  59  57  58  56  55
 139  72  69  68  68  66  65  63  63  62  63  59  58  59  57  56
  80  71  69  68  66  66  64  63  62  62  93 187 139  60  56  55
  71  70  69  68  66  66  65  63  61  62 156 254 205  62  56  54
  73  71  71  68  67  66  64  62  60  63  93 197 148  60  57  56
 110  70  70  67  66  67  65  62  61 104 213 203 197  67  57  56
 141 122  71  67  65  65  65  62  63 119 254 254 239  64  57  55
  82 209  87  69  65  65  63  62  65 116 254 254 241  62  56  54
  75 130 182  75  67  66  65  64  64 127 254 254 250  64  57  53
  73  68 140 214  68  68  66  94  64 129 254 254 250  71  59  56
  73  71 174 168  72  71  70 105  66 113 253 254 213  67  61  61
  76 134 183  74  70  68  68  65  66 124 254 254 215  65  62  59
  78 211  87  71  68  67  65  65  65 120 253 254 214  67  61  59
 135 155  73  71  69  67  66  66  65 118 254 252 209  63  60  59
 192  82  71  71  69  69  66  66  65  73 100  97 109  62  60  60
 195  75  71  71  69  68  68  66  66  65  64  63  62  60  58  59
 160  74  72  69  69  68  68  66  65  64  62  61  60  59  58  59
 133  73  71  70  69  68  67  64  65  64  64  64  62  61  60  58
  77  71  71  69  69  69  67  64  63  63  93 188 153  61  59  59
  72  73  72  69  68  68  68  64  62  63 157 254 210  63  57  58
  76  73  73  70  68  68  66  64  63  67 104 196 158  67  59  57
 117  73  74  70  69  69  68  65  63 109 213 204 208  76  58  56
 145 128  75  69  67  66  66  65  66 120 254 253 240  69  57  58
  85 210  95  68  66  67  67  65  66 114 254 254 243  72  59  58
  76 127 185  86  69  69  67  65  68 125 254 253 250  73  59  58
  84  71 133 215  81  74  68 103  70 131 253 254 251  81  62  63

  54  53  50  53  50  50  50  49  49  48  51  48  49  49  49  51
  57  53  52  51  52  51  50  52  49  52  51  51  49  49  53  53
  62  58  56  53  54  51  51  53  54  57  58  59  54  57  59  66
 208 206 208 202  99  54  52  55 140 201 149 197 233 239 249 249
 254 254 254 253  99  57  54  58 186 254 199 203 254 253 254 252
 254 254 253 253 101  60  56  59  90 155  97 212 253 253 254 253
 113 126 122 119  70  58  58  56  59  57  61 107 122 113 128 133
  61  60  57  59  60  58  59  57  57  55  55  56  60  59  60  60
 105  59  57  59  57  58  58  59  57  56  57  56  56  56  62  98
  65  62  60  60  57  59  60  61  60  59  58  59  59  59  61  64
  65  62  61  60  61  62  61  63  62  61  62  62  61  61  62  65
  66  64  64  62  63  62  61  64  62  62  62  62  62  62  64  64
 166  66  64  65  64  64  63  63  64  64  63  64  64  64  74 211
 174 180  85  66  66  65  63  64  65  66  67  66  66  86 176 142
  69 139 212 147  73  68  69  69  67  66  68  63 121 207 129  66
  68  69  73 135 193 187 158 137  80  69  74 103 142  80  73  64
  56  55  56  56  57  55  55  56  55  54  56  56  55  54  53  56
  59  58  57  56  57  56  56  57  56  56  57  57  57  56  57  59
  62  62  61  58  60  58  58  59  60  62  60  67  64  62  64  71
 208 212 211 202 104  58  57  58 139 205 148 197 239 241 250 250
 254 254 254 253 102  61  59  59 187 254 197 203 254 254 254 254
 254 254 254 254 101  63  62  63  93 156  93 213 254 254 254 254
 115 127 120 117  72  63  62  62  62  62  63 104 119 116 127 129
  66  64  63  64  63  63  63  63  62  61  60  61  63  65  64  64
 104  62  61  62  63  62  63  63  63  63  62  62  62  62  64  94
  69  66  63  64  64  64  65  65  64  65  64  65  65  63  65  66
  69  66  66  65  65  66  66  66  66  66  66  67  65  65  66  68
  70  68  67  66  66  66  67  68  66  66  67  66  65  65  67  68
 169  71  68  69  69  68  68  68  68  68  68  67  67  69  75 214
 174 180  87  70  70  69  68  69  69  69  71  70  71  87 182 140
  71 137 211 151  78  71  71  72  71  70  71  70 122 209 130  68
  72  71  74 134 193 186 157 139  80  71  73 110 141  82  75  73
  61  59  59  59  60  59  59  58  59  58  57  56  58  58  58  63
  61  62  61  60  60  58  58  60  59  57  59  58  57  59  59  62
  67  65  67  63  62  60  59  61  61  63  67  76  69  72  73  81
 213 215 214 209 109  62  60  62 153 210 158 208 240 243 250 251
 254 254 254 252  97  63  61  64 188 254 196 204 253 254 253 254
 253 254 253 254 100  64  62  64  93 157 104 213 254 254 254 253
 113 124 120 118  73  65  64  64  63  63  67 109 120 114 125 131
  66  66  65  65  65  66  65  65  63  62  63  63  66  66  68  70
 105  65  65  66  66  66  66  64  64  64  64  65  65  65  65 103
  70  68  65  66  66  68  68  67  67  68  66  68  66  67  67  68
  71  68  67  67  69  68  68  68  69  68  68  69  66  67  69  74
  72  70  68  69  69  69  69  69  69  68  68  69  67  66  69  81
 168  74  71  71  71  71  69  70  69  69  70  70  69  68  86 215
 174 183  87  73  71  71  72  71  71  72  73  74  75  95 185 133
  71 134 211 155  82  75  74  73  71  73  73  73 128 210 127  71
  73  76  78 135 192 195 160 133  77  72  76 117 145  85  76  84

  51  53  66 249 252 253 133  60  98  64  65  64 211 142  66  64
  49  53  59 249 254 254 128  60  62  61  62  64  74 176 129  73
  49  49  57 239 253 253 113  59  56  59  61  62  64  86 207  80
  49  49  54 233 254 253 122  60  56  59  61  62  64  66 121 142
  48  51  59 197 203 212 107  56  56  59  62  62  64  66  63 103
  51  51  58 149 199  97  61  55  57  58  62  62  63  67  68  74
  48  52  57 201 254 155  57  55  56  59  61  62  64  66  66  69
  49  49  54 140 186  90  59  57  57  60  62  62  64  65  67  80
  49  52  53  55  58  59  56  57  59  61  63  64  63  64  69 137
  50  50  51  52  54  56  58  59  58  60  61  61  63  63  69 158
  50  51  51  54  57  60  58  58  58  59  62  62  64  65  68 187
  50  52  54  99  99 101  70  60  57  57  61  63  64  66  73 193
  53  51  53 202 253 253 119  59  59  60  60  62  65  66 147 135
  50  52  56 208 254 253 122  57  57  60  61  64  64  85 212  73
  53  53  58 206 254 254 126  60  59  62  62  64  66 180 139  69
  54  57  62 208 254 254 113  61 105  65  65  66 166 174  69  68
  56  59  71 250 254 254 129  64  94  66  68  68 214 140  68  73
  53  57  64 250 254 254 127  64  64  65  66  67  75 182 130  75
  54  56  62 241 254 254 116  65  62  63  65  65  69  87 209  82
  55  57  64 239 254 254 119  63  62  65  65  65  67  71 122 141
  56  57  67 197 203 213 104  61  62  65  67  66  67  70  70 110
  56  57  60 148 197  93  63  60  62  64  66  67  68  71  71  73
  54  56  62 205 254 156  62  61  63  65  66  66  68  69  70  71
  55  56  60 139 187  93  62  62  63  64  66  66  68  69  71  80
  56  57  59  58  59  63  62  63  63  65  66  68  68  69  72 139
  55  56  58  57  59  62  62  63  63  65  66  67  68  68  71 157
  55  56  58  58  61  63  63  63  62  64  66  66  68  69  71 186
  57  57  60 104 102 101  72  63  63  64  65  66  69  70  78 193
  56  56  58 202 253 254 117  64  62  64  65  66  69  70 151 134
  56  57  61 211 254 254 120  63  61  63  66  67  68  87 211  74
  55  58  62 212 254 254 127  64  62  66  66  68  71 180 137  71
  56  59  62 208 254 254 115  66 104  69  69  70 169 174  71  72
  63  62  81 251 254 253 131  70 103  68  74  81 215 133  71  84
  58  59  73 250 253 254 125  68  65  67  69  69  86 185 127  76
  58  59  72 243 254 254 114  66  65  67  67  66  68  95 210  85
  58  57  69 240 253 254 120  66  65  66  66  67  69  75 128 145
  56  58  76 208 204 213 109  63  65  68  69  69  70  74  73 117
  57  59  67 158 196 104  67  63  64  66  68  68  70  73  73  76
  58  57  63 210 254 157  63  62  64  68  68  68  69  72  73  72
  59  59  61 153 188  93  63  63  64  67  69  69  69  71  71  77
  58  60  61  62  64  64  64  65  64  67  68  69  70  71  73 133
  59  58  59  60  61  62  64  65  66  68  68  69  69  72  74 160
  59  58  60  62  63  64  65  66  66  68  68  69  71  71  75 195
  60  60  62 109  97 100  73  65  66  66  69  69  71  71  82 192
  59  60  63 209 252 254 118  65  66  66  67  69  71  73 155 135
  59  61  67 214 254 253 120  65  65  65  67  68  71  87 211  78
  59  62  65 215 254 254 124  66  65  68  68  70  74 183 134  76
  61  61  67 213 254 253 113  66 105  70  71  72 168 174  71  73

  64  73  80 142 103  74  69  80 137 158 187 193 135  73  69  68
  66 129 207 121  63  68  66  67  69  69  68  73 147 212 139  69
 142 176  86  66  66  67  66  65  64  63  65  66  66  85 180 174
 211  74  64  64  64  63  64  64  63  63  64  64  65  64  66 166
  64  64  62  62  62  62  62  62  64  61  62  63  62  64  64  66
  65  62  61  61  62  62  61  62  63  61  62  61  60  61  62  65
  64  61  59  59  59  58  59  60  61  60  59  57  60  60  62  65
  98  62  56  56  56  57  56  57  59  58  58  57  59  57  59 105
  60  60  59  60  56  55  55  57  57  59  58  60  59  57  60  61
 133 128 113 122 107  61  57  59  56  58  58  70 119 122 126 113
 253 254 253 253 212  97 155  90  59  56  60 101 253 253 254 254
 252 254 253 254 203 199 254 186  58  54  57  99 253 254 254 254
 249 249 239 233 197 149 201 140  55  52  54  99 202 208 206 208
  66  59  57  54  59  58  57  54  53  51  51  54  53  56  58  62
  53  53  49  49  51  51  52  49  52  50  51  52  51  52  53  57
  51  49  49  49  48  51  48  49  49  50  50  50  53  50  53  54
  73  75  82 141 110  73  71  80 139 157 186 193 134  74  71  72
  68 130 209 122  70  71  70  71  72  71  71  78 151 211 137  71
 140 182  87  71  70  71  69  69  69  68  69  70  70  87 180 174
 214  75  69  67  67  68  68  68  68  68  68  69  69  68  71 169
  68  67  65  65  66  67  66  66  68  67  66  66  66  67  68  70
  68  66  65  65  67  66  66  66  66  66  66  65  65  66  66  69
  66  65  63  65  65  64  65  64  65  65  64  64  64  63  66  69
  94  64  62  62  62  62  63  63  63  63  62  63  62  61  62 104
  64  64  65  63  61  60  61  62  63  63  63  63  64  63  64  66
 129 127 116 119 104  63  62  62  62  62  63  72 117 120 127 115
 254 254 254 254 213  93 156  93  63  62  63 101 254 254 254 254
 254 254 254 254 203 197 254 187  59  59  61 102 253 254 254 254
 250 250 241 239 197 148 205 139  58  57  58 104 202 211 212 208
  71  64  62  64  67  60  62  60  59  58  58  60  58  61  62  62
  59  57  56  57  57  57  56  56  57  56  56  57  56  57  58  59
  56  53  54  55  56  56  54  55  56  55  55  57  56  56  55  56
  84  76  85 145 117  76  72  77 133 160 195 192 135  78  76  73
  71 127 210 128  73  73  73  71  73  74  75  82 155 211 134  71
 133 185  95  75  74  73  72  71  71  72  71  71  73  87 183 174
 215  86  68  69  70  70  69  69  70  69  71  71  71  71  74 168
  81  69  66  67  69  68  68  69  69  69  69  69  69  68  70  72
  74  69  67  66  69  68  68  69  68  68  68  69  67  67  68  71
  68  67  67  66  68  66  68  67  67  68  68  66  66  65  68  70
 103  65  65  65  65  64  64  64  64  66  66  66  66  65  65 105
  70  68  66  66  63  63  62  63  65  65  66  65  65  65  66  66
 131 125 114 120 109  67  63  63  64  64  65  73 118 120 124 113
 253 254 254 254 213 104 157  93  64  62  64 100 254 253 254 253
 254 253 254 253 204 196 254 188  64  61  63  97 252 254 254 254
 251 250 243 240 208 158 210 153  62  60  62 109 209 214 215 213
  81  73  72  69  76  67  63  61  61  59  60  62  63  67  65  67
  62  59  59  57  58  59  57  59  60  58  58  60  60  61  62  61
  63  58  58  58  56  57  58  59  58  59  59  60  59  59  59  61

