 245 243 186  91  90 232 229 140  60  60  56  54  54  73 191 212
 247 243 242 220 153 231 193  66  59  58  58  56  54  50 112 212
 247 242 241 236 173 231 156  64  60  58  98 119  69  53  70 211
 232 225 238 236 167 230 153  62  61 108 222 220 191  56  63 207
  79  75  94 190 176 225 208  71  61 147 222 219 214  72 102 210
  76  76  72  88 199 200 226 136  66  95 213 222 170  61 180 211
 132 169  94  73 179 185 221 225 138  70  75  87  67 165 209 209
 243 242 186  73 165 225 140 225 227 215 157  87 119 127 137 147
 223 245 179  88 214 194  71 115 196 164 163 216 219 218 214 212
 121 140 115 197 233 122  66  66 124 215 222 222 220 218 215 212
 244 234 241 237 162  72  67  97 221 168  97  83 117 199 214 212
 248 245 238 156  74  67  67 185 161  68  61  59  58  90 208 214
 170 144  97  73  68  68  92 224  85  64  64  62  58  59 160 213
 141  99  77  75  73  72 128 218  77  85 161 132  58  56 142 211
  96  92 101 120  95  74 144 224 111 168 221 216  87  58 168 211
 244 242 239 236 126  72 138 225 188 158 220 211  78 111 212 213
 239 238 183  93  92 229 229 139  62  59  57  54  53  77 193 212
 241 238 235 216 153 229 190  67  61  59  58  56  53  52 116 211
 242 239 236 233 173 229 153  65  61  58  99 120  69  53  72 211
 230 223 234 233 167 227 152  63  61 113 220 220 186  55  68 208
  80  76  96 191 175 223 205  72  63 151 221 219 213  73 103 209
  76  76  72  89 198 199 225 134  64  96 212 221 169  65 183 211
 127 167  94  72 181 186 221 223 137  71  77  92  72 172 210 212
 237 237 182  72 170 223 140 224 225 213 155  88 118 127 141 147
 222 238 177  90 212 191  71 118 197 163 162 215 219 218 215 213
 120 141 117 195 230 122  66  65 127 214 221 222 220 218 215 213
 238 229 235 232 161  70  66 101 221 169 101  85 125 200 215 213
 243 238 232 154  74  67  69 186 161  67  62  59  60  89 209 213
 169 143  97  73  69  69  93 223  87  65  64  60  59  59 165 213
 141 100  78  74  72  71 129 217  77  90 158 130  60  59 141 211
  95  87 100 118  92  72 144 222 107 170 221 214  89  61 168 211
 241 236 234 234 125  73 142 224 182 159 221 209  78 113 212 212
 244 240 185  94  99 230 229 139  64  61  58  59  58  80 196 214
 245 243 241 218 158 231 190  67  64  62  61  62  56  55 122 216
 245 243 241 236 175 232 156  65  64  65 102 122  76  59  82 215
 229 222 234 233 171 229 151  65  63 119 223 220 187  63  78 211
  81  78  99 194 181 225 205  71  63 156 223 219 214  77 111 211
  80  79  74  93 200 203 226 134  65 102 213 221 170  73 189 215
 135 169  94  78 189 190 222 223 139  77  85  95  75 172 213 213
 241 239 182  77 177 224 148 226 227 212 155  89 119 132 145 150
 224 237 180  97 214 188  74 121 200 166 164 215 218 220 216 214
 121 143 120 196 230 125  68  68 130 215 224 224 221 218 217 216
 238 229 236 234 160  74  68 105 223 166 105  90 129 205 217 215
 244 239 234 156  74  69  70 193 161  70  64  62  61  98 211 215
 171 146  98  77  71  71  98 223  86  66  67  64  61  64 171 214
 143 100  79  78  73  72 138 215  78  93 159 131  64  63 147 211
  97  91 103 122  96  76 149 222 105 175 222 216  93  67 172 212
 242 238 237 237 125  74 150 226 182 165 220 212  84 120 213 213

 212 212 211 207 210 211 209 147 212 212 212 214 213 211 211 213
 191 112  70  63 102 180 209 137 214 215 214 208 160 142 168 212
  73  50  53  56  72  61 165 127 218 218 199  90  59  56  58 111
  54  54  69 191 214 170  67 119 219 220 117  58  58  58  87  78
  54  56 119 220 219 222  87  87 216 222  83  59  62 132 216 211
  56  58  98 222 222 213  75 157 163 222  97  61  64 161 221 220
  60  58  58 108 147  95  70 215 164 215 168  68  64  85 168 158
  60  59  60  61  61  66 138 227 196 124 221 161  85  77 111 188
 140  66  64  62  71 136 225 225 115  66  97 185 224 218 224 225
 229 193 156 153 208 226 221 140  71  66  67  67  92 128 144 138
 232 231 231 230 225 200 185 225 194 122  72  67  68  72  74  72
  90 153 173 167 176 199 179 165 214 233 162  74  68  73  95 126
  91 220 236 236 190  88  73  73  88 197 237 156  73  75 120 236
 186 242 241 238  94  72  94 186 179 115 241 238  97  77 101 239
 243 243 242 225  75  76 169 242 245 140 234 245 144  99  92 242
 245 247 247 232  79  76 132 243 223 121 244 248 170 141  96 244
 212 211 211 208 209 211 212 147 213 213 213 213 213 211 211 212
 193 116  72  68 103 183 210 141 215 215 215 209 165 141 168 212
  77  52  53  55  73  65 172 127 218 218 200  89  59  59  61 113
  53  53  69 186 213 169  72 118 219 220 125  60  59  60  89  78
  54  56 120 220 219 221  92  88 215 222  85  59  60 130 214 209
  57  58  99 220 221 212  77 155 162 221 101  62  64 158 221 221
  59  59  58 113 151  96  71 213 163 214 169  67  65  90 170 159
  62  61  61  61  63  64 137 225 197 127 221 161  87  77 107 182
 139  67  65  63  72 134 223 224 118  65 101 186 223 217 222 224
 229 190 153 152 205 225 221 140  71  66  66  69  93 129 144 142
 229 229 229 227 223 199 186 223 191 122  70  67  69  71  72  73
  92 153 173 167 175 198 181 170 212 230 161  74  69  72  92 125
  93 216 233 233 191  89  72  72  90 195 232 154  73  74 118 234
 183 235 236 234  96  72  94 182 177 117 235 232  97  78 100 234
 238 238 239 223  76  76 167 237 238 141 229 238 143 100  87 236
 239 241 242 230  80  76 127 237 222 120 238 243 169 141  95 241
 214 216 215 211 211 215 213 150 214 216 215 215 214 211 212 213
 196 122  82  78 111 189 213 145 216 217 217 211 171 147 172 213
  80  55  59  63  77  73 172 132 220 218 205  98  64  63  67 120
  58  56  76 187 214 170  75 119 218 221 129  61  61  64  93  84
  59  62 122 220 219 221  95  89 215 224  90  62  64 131 216 212
  58  61 102 223 223 213  85 155 164 224 105  64  67 159 222 220
  61  62  65 119 156 102  77 212 166 215 166  70  66  93 175 165
  64  64  64  63  63  65 139 227 200 130 223 161  86  78 105 182
 139  67  65  65  71 134 223 226 121  68 105 193 223 215 222 226
 229 190 156 151 205 226 222 148  74  68  68  70  98 138 149 150
 230 231 232 229 225 203 190 224 188 125  74  69  71  72  76  74
  99 158 175 171 181 200 189 177 214 230 160  74  71  73  96 125
  94 218 236 233 194  93  78  77  97 196 234 156  77  78 122 237
 185 241 241 234  99  74  94 182 180 120 236 234  98  79 103 237
 240 243 243 222  78  79 169 239 237 143 229 239 146 100  91 238
 244 245 245 229  81  80 135 241 224 121 238 244 171 143  97 242

 213 212 111  78 211 220 158 188 225 138  72 126 236 239 242 244
 211 168  58  87 216 221 168 111 224 144  74  95 120 101  92  96
 211 142  56  58 132 161  85  77 218 128  72  73  75  77  99 141
 213 160  59  58  62  64  64  85 224  92  68  68  73  97 144 170
 214 208  90  58  59  61  68 161 185  67  67  74 156 238 245 248
 212 214 199 117  83  97 168 221  97  67  72 162 237 241 234 244
 212 215 218 220 222 222 215 124  66  66 122 233 197 115 140 121
 212 214 218 219 216 163 164 196 115  71 194 214  88 179 245 223
 147 137 127 119  87 157 215 227 225 140 225 165  73 186 242 243
 209 209 165  67  87  75  70 138 225 221 185 179  73  94 169 132
 211 180  61 170 222 213  95  66 136 226 200 199  88  72  76  76
 210 102  72 214 219 222 147  61  71 208 225 176 190  94  75  79
 207  63  56 191 220 222 108  61  62 153 230 167 236 238 225 232
 211  70  53  69 119  98  58  60  64 156 231 173 236 241 242 247
 212 112  50  54  56  58  58  59  66 193 231 153 220 242 243 247
 212 191  73  54  54  56  60  60 140 229 232  90  91 186 243 245
 212 212 113  78 209 221 159 182 224 142  73 125 234 234 236 241
 211 168  61  89 214 221 170 107 222 144  72  92 118 100  87  95
 211 141  59  60 130 158  90  77 217 129  71  72  74  78 100 141
 213 165  59  59  60  64  65  87 223  93  69  69  73  97 143 169
 213 209  89  60  59  62  67 161 186  69  67  74 154 232 238 243
 213 215 200 125  85 101 169 221 101  66  70 161 232 235 229 238
 213 215 218 220 222 221 214 127  65  66 122 230 195 117 141 120
 213 215 218 219 215 162 163 197 118  71 191 212  90 177 238 222
 147 141 127 118  88 155 213 225 224 140 223 170  72 182 237 237
 212 210 172  72  92  77  71 137 223 221 186 181  72  94 167 127
 211 183  65 169 221 212  96  64 134 225 199 198  89  72  76  76
 209 103  73 213 219 221 151  63  72 205 223 175 191  96  76  80
 208  68  55 186 220 220 113  61  63 152 227 167 233 234 223 230
 211  72  53  69 120  99  58  61  65 153 229 173 233 236 239 242
 211 116  52  53  56  58  59  61  67 190 229 153 216 235 238 241
 212 193  77  53  54  57  59  62 139 229 229  92  93 183 238 239
 213 213 120  84 212 220 165 182 226 150  74 125 237 237 238 242
 212 172  67  93 216 222 175 105 222 149  76  96 122 103  91  97
 211 147  63  64 131 159  93  78 215 138  72  73  78  79 100 143
 214 171  64  61  64  67  66  86 223  98  71  71  77  98 146 171
 215 211  98  61  62  64  70 161 193  70  69  74 156 234 239 244
 215 217 205 129  90 105 166 223 105  68  74 160 234 236 229 238
 216 217 218 221 224 224 215 130  68  68 125 230 196 120 143 121
 214 216 220 218 215 164 166 200 121  74 188 214  97 180 237 224
 150 145 132 119  89 155 212 227 226 148 224 177  77 182 239 241
 213 213 172  75  95  85  77 139 223 222 190 189  78  94 169 135
 215 189  73 170 221 213 102  65 134 226 203 200  93  74  79  80
 211 111  77 214 219 223 156  63  71 205 225 181 194  99  78  81
 211  78  63 187 220 223 119  63  65 151 229 171 233 234 222 229
 215  82  59  76 122 102  65  64  65 156 232 175 236 241 243 245
 216 122  55  56  62  61  62  64  67 190 231 158 218 241 243 245
 214 196  80  58  59  58  61  64 139 229 230  99  94 185 240 244

 244  96 141 170 248 244 121 223 243 132  76  79 232 247 247 245
 242  92  99 144 245 234 140 245 242 169  76  75 225 242 243 243
 239 101  77  97 238 241 115 179 186  94  72  94 238 241 242 186
 236 120  75  73 156 237 197  88  73  73  88 190 236 236 220  91
 126  95  73  68  74 162 233 214 165 179 199 176 167 173 153  90
  72  74  72  68  67  72 122 194 225 185 200 225 230 231 231 232
 138 144 128  92  67  67  66  71 140 221 226 208 153 156 193 229
 225 224 218 224 185  97  66 115 225 225 136  71  62  64  66 140
 188 111  77  85 161 221 124 196 227 138  66  61  61  60  59  60
 158 168  85  64  68 168 215 164 215  70  95 147 108  58  58  60
 220 221 161  64  61  97 222 163 157  75 213 222 222  98  58  56
 211 216 132  62  59  83 222 216  87  87 222 219 220 119  56  54
  78  87  58  58  58 117 220 219 119  67 170 214 191  69  54  54
 111  58  56  59  90 199 218 218 127 165  61  72  56  53  50  73
 212 168 142 160 208 214 215 214 137 209 180 102  63  70 112 191
 213 211 211 213 214 212 212 212 147 209 211 210 207 211 212 212
 241  95 141 169 243 238 120 222 237 127  76  80 230 242 241 239
 236  87 100 143 238 229 141 238 237 167  76  76 223 239 238 238
 234 100  78  97 232 235 117 177 182  94  72  96 234 236 235 183
 234 118  74  73 154 232 195  90  72  72  89 191 233 233 216  93
 125  92  72  69  74 161 230 212 170 181 198 175 167 173 153  92
  73  72  71  69  67  70 122 191 223 186 199 223 227 229 229 229
 142 144 129  93  69  66  66  71 140 221 225 205 152 153 190 229
 224 222 217 223 186 101  65 118 224 223 134  72  63  65  67 139
 182 107  77  87 161 221 127 197 225 137  64  63  61  61  61  62
 159 170  90  65  67 169 214 163 213  71  96 151 113  58  59  59
 221 221 158  64  62 101 221 162 155  77 212 221 220  99  58  57
 209 214 130  60  59  85 222 215  88  92 221 219 220 120  56  54
  78  89  60  59  60 125 220 219 118  72 169 213 186  69  53  53
 113  61  59  59  89 200 218 218 127 172  65  73  55  53  52  77
 212 168 141 165 209 215 215 215 141 210 183 103  68  72 116 193
 212 211 211 213 213 213 213 213 147 212 211 209 208 211 211 212
 242  97 143 171 244 238 121 224 241 135  80  81 229 245 245 244
 238  91 100 146 239 229 143 237 239 169  79  78 222 243 243 240
 237 103  79  98 234 236 120 180 182  94  74  99 234 241 241 185
 237 122  78  77 156 234 196  97  77  78  93 194 233 236 218  94
 125  96  73  71  74 160 230 214 177 189 200 181 171 175 158  99
  74  76  72  71  69  74 125 188 224 190 203 225 229 232 231 230
 150 149 138  98  70  68  68  74 148 222 226 205 151 156 190 229
 226 222 215 223 193 105  68 121 226 223 134  71  65  65  67 139
 182 105  78  86 161 223 130 200 227 139  65  63  63  64  64  64
 165 175  93  66  70 166 215 166 212  77 102 156 119  65  62  61
 220 222 159  67  64 105 224 164 155  85 213 223 223 102  61  58
 212 216 131  64  62  90 224 215  89  95 221 219 220 122  62  59
  84  93  64  61  61 129 221 218 119  75 170 214 187  76  56  58
 120  67  63  64  98 205 218 220 132 172  73  77  63  59  55  80
 213 172 147 171 211 217 217 216 145 213 189 111  78  82 122 196
 213 212 211 214 215 215 216 214 150 213 215 211 211 215 216 214

