  58  55  53  53  61 208  80 122 253 249 208 152  91  62  52  46
  56  54  52  54 103 174  55 152 253 253 253 254 228 131  76  53
  54  56  51  56 124 114  57 182 252 254 254 253 254 236 136  75
  52  54  53  53  78  57  56 203 254 254 255 255 254 254 249 110
  53  51  51  54  52  48  64 219 254 255 255 255 254 254 254 227
  52  54  50  49  49  50  69 237 254 255 255 255 254 254 254 252
  52  52  51  53  49  51  69 249 254 255 255 255 255 255 254 252
  52  52  55  51  47  50  76 247 255 255 255 255 255 255 254 253
  51  49  52  52  49  50  84 250 254 254 254 255 255 255 254 253
  54  50  52  50  49  48 104 251 255 252 253 255 255 255 255 255
  53  50  49  45  44  45  80 142 142 201 251 255 255 255 255 255
  48  51  50  46  47  51  95 166  60  71 172 252 254 254 255 255
  50  49  48  48  46  50 120 254 104  45  55 204 254 255 255 255
  54  51  50  46  47  52 113 221  69  45  52 139 254 255 255 255
  60  50  48  46  42  45  48  48  49  45  42 132 254 255 255 254
  66  54  50  47  42  46  47  48  44  47  59 181 255 255 255 250
  61  60  60  59  63 208  79 126 253 250 208 146  74  61  56  51
  58  58  56  59 103 176  57 153 254 254 254 254 225 120  60  54
  56  56  56  59 127 115  56 181 253 254 254 254 254 235 126  60
  56  56  55  58  75  60  63 205 254 254 255 255 254 254 249 103
  55  54  52  54  56  54  66 220 254 255 255 255 254 254 254 229
  54  54  51  54  54  53  69 237 254 255 255 255 254 254 254 254
  54  54  53  53  52  54  72 251 254 255 255 255 255 255 254 253
  55  54  55  53  54  56  84 248 254 255 255 255 255 255 254 253
  55  56  56  54  53  55  91 250 254 254 254 255 255 255 254 254
  54  54  54  49  50  52 106 253 254 254 254 254 254 254 255 255
  53  55  52  50  51  53  81 145 152 203 252 254 255 255 255 255
  55  55  52  51  50  53  79 169  65  80 175 252 254 254 255 255
  55  53  52  51  50  53 117 254 105  55  63 209 254 255 255 255
  55  52  50  50  51  52 111 218  70  53  62 143 254 255 255 254
  60  53  50  51  51  47  46  49  52  52  56 130 254 255 255 254
  65  53  52  52  50  50  48  48  51  52  62 183 255 255 255 250
  64  63  58  58  66 208  81 130 252 249 208 144  69  60  56  57
  64  62  61  65 106 177  61 152 253 253 254 254 226 124  65  62
  63  63  61  63 124 119  69 183 253 254 254 254 253 236 131  68
  60  61  60  59  76  67  64 202 253 254 255 255 254 254 249 108
  60  58  61  60  61  55  62 218 253 254 255 255 254 254 254 230
  61  62  66  62  59  57  70 237 254 255 255 255 254 254 254 253
  62  61  62  61  58  57  73 248 254 255 255 255 255 255 255 254
  60  59  59  58  58  58  79 246 254 255 255 255 255 255 254 254
  58  56  57  57  54  58  88 250 253 253 254 255 254 254 254 253
  59  56  56  54  53  57 103 252 253 254 253 252 254 254 255 255
  59  57  57  57  56  60  78 144 147 200 249 254 253 254 255 255
  58  59  59  58  55  59  82 173  69  77 164 251 254 254 255 255
  60  60  60  55  50  57 115 253 100  58  63 202 254 255 255 255
  58  60  59  53  51  57 109 220  65  54  66 144 254 255 255 254
  64  60  57  52  52  53  48  55  53  52  58 132 254 255 255 254
  69  62  57  51  49  50  52  55  54  52  65 183 255 255 255 250

  46  53  75 110 227 252 252 253 253 255 255 255 255 255 254 250
  52  76 136 249 254 254 254 254 254 255 255 255 255 255 255 255
  62 131 236 254 254 254 255 255 255 255 255 254 255 255 255 255
  91 228 254 254 254 254 255 255 255 255 255 254 254 254 254 255
 152 254 253 255 255 255 255 255 255 255 255 252 204 139 132 181
 208 253 254 255 255 255 255 255 254 253 251 172  55  52  42  59
 249 253 254 254 255 255 255 255 254 252 201  71  45  45  45  47
 253 253 252 254 254 254 254 255 254 255 142  60 104  69  49  44
 122 152 182 203 219 237 249 247 250 251 142 166 254 221  48  48
  80  55  57  56  64  69  69  76  84 104  80  95 120 113  48  47
 208 174 114  57  48  50  51  50  50  48  45  51  50  52  45  46
  61 103 124  78  52  49  49  47  49  49  44  47  46  47  42  42
  53  54  56  53  54  49  53  51  52  50  45  46  48  46  46  47
  53  52  51  53  51  50  51  55  52  52  49  50  48  50  48  50
  55  54  56  54  51  54  52  52  49  50  50  51  49  51  50  54
  58  56  54  52  53  52  52  52  51  54  53  48  50  54  60  66
  51  54  60 103 229 254 253 253 254 255 255 255 255 254 254 250
  56  60 126 249 254 254 254 254 254 255 255 255 255 255 255 255
  61 120 235 254 254 254 255 255 255 254 255 254 255 255 255 255
  74 225 254 254 254 254 255 255 255 254 255 254 254 254 254 255
 146 254 254 255 255 255 255 255 255 254 254 252 209 143 130 183
 208 254 254 255 255 255 255 255 254 254 252 175  63  62  56  62
 250 254 254 254 255 255 255 255 254 254 203  80  55  53  52  52
 253 254 253 254 254 254 254 254 254 254 152  65 105  70  52  51
 126 153 181 205 220 237 251 248 250 253 145 169 254 218  49  48
  79  57  56  63  66  69  72  84  91 106  81  79 117 111  46  48
 208 176 115  60  54  53  54  56  55  52  53  53  53  52  47  50
  63 103 127  75  56  54  52  54  53  50  51  50  50  51  51  50
  59  59  59  58  54  54  53  53  54  49  50  51  51  50  51  52
  60  56  56  55  52  51  53  55  56  54  52  52  52  50  50  52
  60  58  56  56  54  54  54  54  56  54  55  55  53  52  53  53
  61  58  56  56  55  54  54  55  55  54  53  55  55  55  60  65
  57  62  68 108 230 253 254 254 253 255 255 255 255 254 254 250
  56  65 131 249 254 254 255 254 254 255 255 255 255 255 255 255
  60 124 236 254 254 254 255 255 254 254 254 254 255 255 255 255
  69 226 253 254 254 254 255 255 254 254 253 254 254 254 254 255
 144 254 254 255 255 255 255 255 255 252 254 251 202 144 132 183
 208 254 254 255 255 255 255 255 254 253 249 164  63  66  58  65
 249 253 254 254 254 255 255 255 253 254 200  77  58  54  52  52
 252 253 253 253 253 254 254 254 253 253 147  69 100  65  53  54
 130 152 183 202 218 237 248 246 250 252 144 173 253 220  55  55
  81  61  69  64  62  70  73  79  88 103  78  82 115 109  48  52
 208 177 119  67  55  57  57  58  58  57  60  59  57  57  53  50
  66 106 124  76  61  59  58  58  54  53  56  55  50  51  52  49
  58  65  63  59  60  62  61  58  57  54  57  58  55  53  52  51
  58  61  61  60  61  66  62  59  57  56  57  59  60  59  57  57
  63  62  63  61  58  62  61  59  56  56  57  59  60  60  60  62
  64  64  63  60  60  61  62  60  58  59  59  58  60  58  64  69

 250 255 255 255 181  59  47  44  48  47  46  42  47  50  54  66
 254 255 255 254 132  42  45  49  48  48  45  42  46  48  50  60
 255 255 255 254 139  52  45  69 221 113  52  47  46  50  51  54
 255 255 255 254 204  55  45 104 254 120  50  46  48  48  49  50
 255 255 254 254 252 172  71  60 166  95  51  47  46  50  51  48
 255 255 255 255 255 251 201 142 142  80  45  44  45  49  50  53
 255 255 255 255 255 253 252 255 251 104  48  49  50  52  50  54
 253 254 255 255 255 254 254 254 250  84  50  49  52  52  49  51
 253 254 255 255 255 255 255 255 247  76  50  47  51  55  52  52
 252 254 255 255 255 255 255 254 249  69  51  49  53  51  52  52
 252 254 254 254 255 255 255 254 237  69  50  49  49  50  54  52
 227 254 254 254 255 255 255 254 219  64  48  52  54  51  51  53
 110 249 254 254 255 255 254 254 203  56  57  78  53  53  54  52
  75 136 236 254 253 254 254 252 182  57 114 124  56  51  56  54
  53  76 131 228 254 253 253 253 152  55 174 103  54  52  54  56
  46  52  62  91 152 208 249 253 122  80 208  61  53  53  55  58
 250 255 255 255 183  62  52  51  48  48  50  50  52  52  53  65
 254 255 255 254 130  56  52  52  49  46  47  51  51  50  53  60
 254 255 255 254 143  62  53  70 218 111  52  51  50  50  52  55
 255 255 255 254 209  63  55 105 254 117  53  50  51  52  53  55
 255 255 254 254 252 175  80  65 169  79  53  50  51  52  55  55
 255 255 255 255 254 252 203 152 145  81  53  51  50  52  55  53
 255 255 254 254 254 254 254 254 253 106  52  50  49  54  54  54
 254 254 255 255 255 254 254 254 250  91  55  53  54  56  56  55
 253 254 255 255 255 255 255 254 248  84  56  54  53  55  54  55
 253 254 255 255 255 255 255 254 251  72  54  52  53  53  54  54
 254 254 254 254 255 255 255 254 237  69  53  54  54  51  54  54
 229 254 254 254 255 255 255 254 220  66  54  56  54  52  54  55
 103 249 254 254 255 255 254 254 205  63  60  75  58  55  56  56
  60 126 235 254 254 254 254 253 181  56 115 127  59  56  56  56
  54  60 120 225 254 254 254 254 153  57 176 103  59  56  58  58
  51  56  61  74 146 208 250 253 126  79 208  63  59  60  60  61
 250 255 255 255 183  65  52  54  55  52  50  49  51  57  62  69
 254 255 255 254 132  58  52  53  55  48  53  52  52  57  60  64
 254 255 255 254 144  66  54  65 220 109  57  51  53  59  60  58
 255 255 255 254 202  63  58 100 253 115  57  50  55  60  60  60
 255 255 254 254 251 164  77  69 173  82  59  55  58  59  59  58
 255 255 254 253 254 249 200 147 144  78  60  56  57  57  57  59
 255 255 254 254 252 253 254 253 252 103  57  53  54  56  56  59
 253 254 254 254 255 254 253 253 250  88  58  54  57  57  56  58
 254 254 255 255 255 255 255 254 246  79  58  58  58  59  59  60
 254 255 255 255 255 255 255 254 248  73  57  58  61  62  61  62
 253 254 254 254 255 255 255 254 237  70  57  59  62  66  62  61
 230 254 254 254 255 255 254 253 218  62  55  61  60  61  58  60
 108 249 254 254 255 255 254 253 202  64  67  76  59  60  61  60
  68 131 236 253 254 254 254 253 183  69 119 124  63  61  63  63
  62  65 124 226 254 254 253 253 152  61 177 106  65  61  62  64
  57  56  60  69 144 208 249 252 130  81 208  66  58  58  63  64

  66  60  54  50  48  53  54  51  52  52  52  53  52  54  56  58
  54  50  51  49  51  50  50  49  52  52  54  51  54  56  54  55
  50  48  50  48  50  49  52  52  55  51  50  51  53  51  52  53
  47  46  46  48  46  45  50  52  51  53  49  54  53  56  54  53
  42  42  47  46  47  44  49  49  47  49  49  52  78 124 103  61
  46  45  52  50  51  45  48  50  50  51  50  48  57 114 174 208
  47  48 113 120  95  80 104  84  76  69  69  64  56  57  55  80
  48  48 221 254 166 142 251 250 247 249 237 219 203 182 152 122
  44  49  69 104  60 142 255 254 255 254 254 254 254 252 253 253
  47  45  45  45  71 201 252 254 255 255 255 255 254 254 253 249
  59  42  52  55 172 251 253 254 255 255 255 255 255 254 253 208
 181 132 139 204 252 255 255 255 255 255 255 255 255 253 254 152
 255 254 254 254 254 255 255 255 255 255 254 254 254 254 228  91
 255 255 255 255 254 255 255 255 255 255 254 254 254 236 131  62
 255 255 255 255 255 255 255 254 254 254 254 254 249 136  76  52
 250 254 255 255 255 255 255 253 253 252 252 227 110  75  53  46
  65  60  55  55  55  53  54  55  55  54  54  55  56  56  58  61
  53  53  52  53  55  55  54  56  54  54  54  54  56  56  58  60
  52  50  50  52  52  52  54  56  55  53  51  52  55  56  56  60
  52  51  50  51  51  50  49  54  53  53  54  54  58  59  59  59
  50  51  51  50  50  51  50  53  54  52  54  56  75 127 103  63
  50  47  52  53  53  53  52  55  56  54  53  54  60 115 176 208
  48  46 111 117  79  81 106  91  84  72  69  66  63  56  57  79
  48  49 218 254 169 145 253 250 248 251 237 220 205 181 153 126
  51  52  70 105  65 152 254 254 254 254 254 254 254 253 254 253
  52  52  53  55  80 203 254 254 255 255 255 255 254 254 254 250
  62  56  62  63 175 252 254 254 255 255 255 255 255 254 254 208
 183 130 143 209 252 254 254 255 255 255 255 255 255 254 254 146
 255 254 254 254 254 255 254 255 255 255 254 254 254 254 225  74
 255 255 255 255 254 255 254 255 255 255 254 254 254 235 120  61
 255 255 255 255 255 255 255 254 254 254 254 254 249 126  60  56
 250 254 254 255 255 255 255 254 253 253 254 229 103  60  54  51
  69  64  58  60  58  59  59  58  60  62  61  60  60  63  64  64
  62  60  60  60  59  57  56  56  59  61  62  58  61  63  62  63
  57  57  59  60  59  57  56  57  59  62  66  61  60  61  61  58
  51  52  53  55  58  57  54  57  58  61  62  60  59  63  65  58
  49  52  51  50  55  56  53  54  58  58  59  61  76 124 106  66
  50  53  57  57  59  60  57  58  58  57  57  55  67 119 177 208
  52  48 109 115  82  78 103  88  79  73  70  62  64  69  61  81
  55  55 220 253 173 144 252 250 246 248 237 218 202 183 152 130
  54  53  65 100  69 147 253 253 254 254 254 253 253 253 253 252
  52  52  54  58  77 200 254 253 255 255 255 254 254 254 253 249
  65  58  66  63 164 249 253 254 255 255 255 255 255 254 254 208
 183 132 144 202 251 254 252 255 255 255 255 255 255 254 254 144
 255 254 254 254 254 253 254 254 255 255 254 254 254 253 226  69
 255 255 255 255 254 254 254 254 255 255 254 254 254 236 124  60
 255 255 255 255 255 255 255 254 254 255 254 254 249 131  65  56
 250 254 254 255 255 255 255 253 254 254 253 230 108  68  62  57

