  31  38  40 142 232 230 110  34  55  35  32  32 129 147  31  28
  33  34  36 168 234 232 131  36  34  30  30  30  29 136 107  31
  33  33  36 161 233 235 143  33  29  29  28  28  29  32 152  36
  33  33  35 146 236 234 115  36  32  29  27  30  26  26  45 108
  34  35  36 110 174 163  98  33  30  29  29  28  25  28  28  55
  34  32  36 141 230 107  37  28  28  29  27  30  29  30  30  29
  31  31  32 152 230 168  36  30  31  29  29  29  29  26  28  28
  31  31  34  56 122  61  31  29  28  28  28  27  27  29  27  48
  32  31  31  31  31  32  29  29  31  31  27  25  25  24  25  88
  31  28  31  26  29  28  31  29  29  27  27  25  25  23  25 107
  29  30  31  28  31  32  33  28  28  25  27  22  23  25  26 154
  30  30  30  77  93  81  63  28  27  27  28  24  25  27  36 167
  30  31  31 149 235 232 139  31  26  24  26  25  25  27  86 115
  30  31  33 146 232 230 135  31  27  25  24  25  27  36 158  46
  28  33  34 135 231 228 135  32  35  28  27  28  32 127 109  26
  30  34  33 143 229 230 143  32  59  29  27  29 110 154  30  25
  37  39  43 146 244 241 115  40  59  37  37  41 137 148  32  37
  39  38  43 172 246 244 133  39  35  35  36  36  39 149 109  38
  38  38  43 164 246 247 152  37  37  36  36  37  36  41 163  40
  38  38  42 149 245 243 126  35  36  35  34  36  36  35  50 119
  38  38  41 115 180 168 103  37  35  34  35  33  34  33  37  59
  39  38  41 144 239 118  40  36  34  35  35  33  34  35  35  37
  39  39  41 155 245 175  42  35  34  35  34  34  34  34  34  34
  36  38  39  63 123  66  37  35  35  34  35  33  33  35  32  54
  37  36  38  37  38  38  36  36  33  34  35  33  33  32  31  95
  35  35  37  36  34  36  36  34  32  34  33  32  32  30  31 113
  35  36  34  33  37  37  38  34  32  33  33  31  31  32  32 164
  34  36  36  82  97  83  67  35  32  33  33  31  33  32  39 176
  35  35  39 160 245 240 149  35  34  33  32  32  33  33  95 121
  35  34  38 152 244 241 141  36  35  33  31  31  33  42 165  51
  33  34  39 135 245 241 133  35  30  33  34  33  33 128 112  32
  36  38  40 147 243 241 151  38  69  36  36  36 115 158  36  34
  47  45  49 153 252 252 137  46  70  47  43  45 139 153  48  45
  44  44  46 174 252 252 143  42  40  45  41  39  44 148 120  45
  46  47  50 161 252 253 158  44  40  41  41  38  42  45 165  48
  46  47  49 148 252 253 140  45  44  42  41  37  41  42  55 121
  46  46  47 116 183 174 111  41  39  44  42  38  38  41  42  67
  44  46  43 150 244 125  46  43  41  45  40  41  40  41  41  43
  44  45  47 162 253 190  42  41  42  44  41  40  43  39  38  40
  44  43  44  72 137  81  41  41  42  43  40  41  44  42  40  58
  41  45  44  46  45  43  40  44  42  42  43  41  41  43  40  98
  39  41  43  41  42  42  42  42  41  41  39  39  39  40  39 118
  42  39  42  45  46  45  42  44  42  43  39  38  42  37  40 164
  43  40  45  86  88  83  68  45  43  42  41  39  40  38  46 188
  45  40  45 163 251 251 160  44  41  40  40  40  42  41  96 129
  45  40  46 157 253 251 153  46  38  39  40  41  39  42 167  53
  43  45  45 142 253 253 145  45  45  41  37  42  46 124 126  41
  43  56  43 152 253 252 163  43  76  46  44  42 118 171  43  36

  28  31  36 108  55  29  28  48  88 107 154 167 115  46  26  25
  31 107 152  45  28  30  28  27  25  25  26  36  86 158 109  30
 147 136  32  26  28  30  26  29  24  23  25  27  27  36 127 154
 129  29  29  26  25  29  29  27  25  25  23  25  25  27  32 110
  32  30  28  30  28  30  29  27  25  25  22  24  25  25  28  29
  32  30  28  27  29  27  29  28  27  27  27  28  26  24  27  27
  35  30  29  29  29  29  29  28  31  27  25  27  24  25  28  29
  55  34  29  32  30  28  31  28  31  29  28  27  26  27  35  59
  34  36  33  36  33  28  30  29  29  29  28  28  31  31  32  32
 110 131 143 115  98  37  36  31  29  31  33  63 139 135 135 143
 230 232 235 234 163 107 168  61  32  28  32  81 232 230 228 230
 232 234 233 236 174 230 230 122  31  29  31  93 235 232 231 229
 142 168 161 146 110 141 152  56  31  26  28  77 149 146 135 143
  40  36  36  35  36  36  32  34  31  31  31  30  31  33  34  33
  38  34  33  33  35  32  31  31  31  28  30  30  31  31  33  34
  31  33  33  33  34  34  31  31  32  31  29  30  30  30  28  30
  37  38  40 119  59  37  34  54  95 113 164 176 121  51  32  34
  32 109 163  50  37  35  34  32  31  31  32  39  95 165 112  36
 148 149  41  35  33  35  34  35  32  30  32  32  33  42 128 158
 137  39  36  36  34  34  34  33  33  32  31  33  33  33  33 115
  41  36  37  36  33  33  34  33  33  32  31  31  32  31  33  36
  37  36  36  34  35  35  34  35  35  33  33  33  32  31  34  36
  37  35  36  35  34  35  35  34  34  34  33  33  33  33  33  36
  59  35  37  36  35  34  34  35  33  32  32  32  34  35  30  69
  40  39  37  35  37  36  35  35  36  34  34  35  35  36  35  38
 115 133 152 126 103  40  42  37  36  36  38  67 149 141 133 151
 241 244 247 243 168 118 175  66  38  36  37  83 240 241 241 241
 244 246 246 245 180 239 245 123  38  34  37  97 245 244 245 243
 146 172 164 149 115 144 155  63  37  36  33  82 160 152 135 147
  43  43  43  42  41  41  41  39  38  37  34  36  39  38  39  40
  39  38  38  38  38  38  39  38  36  35  36  36  35  34  34  38
  37  39  38  38  38  39  39  36  37  35  35  34  35  35  33  36
  45  45  48 121  67  43  40  58  98 118 164 188 129  53  41  36
  48 120 165  55  42  41  38  40  40  39  40  46  96 167 126  43
 153 148  45  42  41  41  39  42  43  40  37  38  41  42 124 171
 139  44  42  41  38  40  43  44  41  39  42  40  42  39  46 118
  45  39  38  37  38  41  40  41  41  39  38  39  40  41  42  42
  43  41  41  41  42  40  41  40  43  39  39  41  40  40  37  44
  47  45  41  42  44  45  44  43  42  41  43  42  40  39  41  46
  70  40  40  44  39  41  42  42  42  41  42  43  41  38  45  76
  46  42  44  45  41  43  41  41  44  42  44  45  44  46  45  43
 137 143 158 140 111  46  42  41  40  42  42  68 160 153 145 163
 252 252 253 253 174 125 190  81  43  42  45  83 251 251 253 252
 252 252 252 252 183 244 253 137  45  42  46  88 251 253 253 253
 153 174 161 148 116 150 162  72  46  41  45  86 163 157 142 152
  49  46  50  49  47  43  47  44  44  43  42  45  45  46  45  43
  45  44  47  47  46  46  45  43  45  41  39  40  40  40  45  56
  47  44  46  46  46  44  44  44  41  39  42  43  45  45  43  43

  25  30 154 110  29  27  29  59  32 143 230 229 143  33  34  30
  26 109 127  32  28  27  28  35  32 135 228 231 135  34  33  28
  46 158  36  27  25  24  25  27  31 135 230 232 146  33  31  30
 115  86  27  25  25  26  24  26  31 139 232 235 149  31  31  30
 167  36  27  25  24  28  27  27  28  63  81  93  77  30  30  30
 154  26  25  23  22  27  25  28  28  33  32  31  28  31  30  29
 107  25  23  25  25  27  27  29  29  31  28  29  26  31  28  31
  88  25  24  25  25  27  31  31  29  29  32  31  31  31  31  32
  48  27  29  27  27  28  28  28  29  31  61 122  56  34  31  31
  28  28  26  29  29  29  29  31  30  36 168 230 152  32  31  31
  29  30  30  29  30  27  29  28  28  37 107 230 141  36  32  34
  55  28  28  25  28  29  29  30  33  98 163 174 110  36  35  34
 108  45  26  26  30  27  29  32  36 115 234 236 146  35  33  33
  36 152  32  29  28  28  29  29  33 143 235 233 161  36  33  33
  31 107 136  29  30  30  30  34  36 131 232 234 168  36  34  33
  28  31 147 129  32  32  35  55  34 110 230 232 142  40  38  31
  34  36 158 115  36  36  36  69  38 151 241 243 147  40  38  36
  32 112 128  33  33  34  33  30  35 133 241 245 135  39  34  33
  51 165  42  33  31  31  33  35  36 141 241 244 152  38  34  35
 121  95  33  33  32  32  33  34  35 149 240 245 160  39  35  35
 176  39  32  33  31  33  33  32  35  67  83  97  82  36  36  34
 164  32  32  31  31  33  33  32  34  38  37  37  33  34  36  35
 113  31  30  32  32  33  34  32  34  36  36  34  36  37  35  35
  95  31  32  33  33  35  34  33  36  36  38  38  37  38  36  37
  54  32  35  33  33  35  34  35  35  37  66 123  63  39  38  36
  34  34  34  34  34  34  35  34  35  42 175 245 155  41  39  39
  37  35  35  34  33  35  35  34  36  40 118 239 144  41  38  39
  59  37  33  34  33  35  34  35  37 103 168 180 115  41  38  38
 119  50  35  36  36  34  35  36  35 126 243 245 149  42  38  38
  40 163  41  36  37  36  36  37  37 152 247 246 164  43  38  38
  38 109 149  39  36  36  35  35  39 133 244 246 172  43  38  39
  37  32 148 137  41  37  37  59  40 115 241 244 146  43  39  37
  36  43 171 118  42  44  46  76  43 163 252 253 152  43  56  43
  41 126 124  46  42  37  41  45  45 145 253 253 142  45  45  43
  53 167  42  39  41  40  39  38  46 153 251 253 157  46  40  45
 129  96  41  42  40  40  40  41  44 160 251 251 163  45  40  45
 188  46  38  40  39  41  42  43  45  68  83  88  86  45  40  43
 164  40  37  42  38  39  43  42  44  42  45  46  45  42  39  42
 118  39  40  39  39  39  41  41  42  42  42  42  41  43  41  39
  98  40  43  41  41  43  42  42  44  40  43  45  46  44  45  41
  58  40  42  44  41  40  43  42  41  41  81 137  72  44  43  44
  40  38  39  43  40  41  44  42  41  42 190 253 162  47  45  44
  43  41  41  40  41  40  45  41  43  46 125 244 150  43  46  44
  67  42  41  38  38  42  44  39  41 111 174 183 116  47  46  46
 121  55  42  41  37  41  42  44  45 140 253 252 148  49  47  46
  48 165  45  42  38  41  41  40  44 158 253 252 161  50  47  46
  45 120 148  44  39  41  45  40  42 143 252 252 174  46  44  44
  45  48 153 139  45  43  47  70  46 137 252 252 153  49  45  47

  30  28  30  30  30  29  31  32  31  31  34  34  33  33  33  31
  34  33  31  31  30  30  28  31  31  31  32  35  33  33  34  38
  33  34  33  31  30  31  31  31  34  32  36  36  35  36  36  40
 143 135 146 149  77  28  26  31  56 152 141 110 146 161 168 142
 229 231 232 235  93  31  29  31 122 230 230 174 236 233 234 232
 230 228 230 232  81  32  28  32  61 168 107 163 234 235 232 230
 143 135 135 139  63  33  31  29  31  36  37  98 115 143 131 110
  32  32  31  31  28  28  29  29  29  30  28  33  36  33  36  34
  59  35  27  26  27  28  29  31  28  31  28  30  32  29  34  55
  29  28  25  24  27  25  27  31  28  29  29  29  29  29  30  35
  27  27  24  26  28  27  27  27  28  29  27  29  27  28  30  32
  29  28  25  25  24  22  25  25  27  29  30  28  30  28  30  32
 110  32  27  25  25  23  25  25  27  29  29  25  26  29  29 129
 154 127  36  27  27  25  23  24  29  26  30  28  26  32 136 147
  30 109 158  86  36  26  25  25  27  28  30  28  45 152 107  31
  25  26  46 115 167 154 107  88  48  28  29  55 108  36  31  28
  36  33  35  35  34  35  35  37  36  39  39  38  38  38  39  37
  38  34  34  35  36  36  35  36  38  39  38  38  38  38  38  39
  40  39  38  39  36  34  37  38  39  41  41  41  42  43  43  43
 147 135 152 160  82  33  36  37  63 155 144 115 149 164 172 146
 243 245 244 245  97  37  34  38 123 245 239 180 245 246 246 244
 241 241 241 240  83  37  36  38  66 175 118 168 243 247 244 241
 151 133 141 149  67  38  36  36  37  42  40 103 126 152 133 115
  38  35  36  35  35  34  34  36  35  35  36  37  35  37  39  40
  69  30  35  34  32  32  32  33  35  34  34  35  36  37  35  59
  36  33  33  33  33  33  34  34  34  35  35  34  35  36  35  37
  36  34  31  32  33  33  33  35  35  34  35  35  34  36  36  37
  36  33  31  32  31  31  32  33  33  34  33  33  36  37  36  41
 115  33  33  33  33  31  32  33  33  34  34  34  36  36  39 137
 158 128  42  33  32  32  30  32  35  34  35  33  35  41 149 148
  36 112 165  95  39  32  31  31  32  34  35  37  50 163 109  32
  34  32  51 121 176 164 113  95  54  34  37  59 119  40  38  37
  43  43  45  45  43  42  39  41  44  44  44  46  46  46  44  47
  56  45  40  40  40  39  41  45  43  45  46  46  47  47  44  45
  43  45  46  45  45  42  43  44  44  47  43  47  49  50  46  49
 152 142 157 163  86  45  41  46  72 162 150 116 148 161 174 153
 253 253 253 251  88  46  42  45 137 253 244 183 252 252 252 252
 252 253 251 251  83  45  42  43  81 190 125 174 253 253 252 252
 163 145 153 160  68  42  42  40  41  42  46 111 140 158 143 137
  43  45  46  44  45  44  42  44  41  41  43  41  45  44  42  46
  76  45  38  41  43  42  41  42  42  42  41  39  44  40  40  70
  46  41  39  40  42  43  41  42  43  44  45  44  42  41  45  47
  44  37  40  40  41  39  39  43  40  41  40  42  41  41  41  43
  42  42  41  40  39  38  39  41  41  40  41  38  37  38  39  45
 118  46  39  42  40  42  39  41  44  43  40  38  41  42  44 139
 171 124  42  41  38  37  40  43  42  39  41  41  42  45 148 153
  43 126 167  96  46  40  39  40  40  38  41  42  55 165 120  48
  36  41  53 129 188 164 118  98  58  40  43  67 121  48  45  45

