 248 242 230 132 105 154 226 221 116 161 116 160 197 222 220 219
 248 225  68  38  37  38 135 229 206  79  88 137 221 221 221 213
 248 168  40  38  37  33  54 225 230 178  38  35 148 205 155 106
 232 174  41 104 213 132  45 219 231 227 124  23  31 129 204 215
 106 209  76 144 237 170 101 232 230 225 175  66  25  29  98 193
  44  86 162 144 178 151 224 233 209 114  45  87  26  23  28  46
  44  45  48  76 119 148 155 102  44  32  35  45  65  97 118 107
  47  44  43  41  41  40  38  33  31  43 130 200 218 220 220 216
  70  48  44  40  37  36  33  34  78 204 219 169 136 159 207 218
 229 107  44  41  37  35  34  99 228 185  62  28  30  32  60 177
 152 210 127  45  41  39  63 223 195  54  28  26  28  26  25  54
  63  93 221  88  42  41 165 238 123  30  27  26  27  23  22  25
 123 137 148 197  53  56 227 236  94  35  28  32  29  22  23  22
 250 246 121 234  93  92 243 236 103  37  62 176 119  25  24  25
 200 197 146 249 143 116 245 240 164  41 173 226 223  69  26  31
 138 181 244 250 165 122 247 243 231 119 158 228 211  49  35 138
 238 233 224 131 102 153 222 217 114 156 111 160 196 219 217 216
 238 221  69  35  34  34 126 225 205  71  86 135 220 219 217 213
 239 162  37  34  36  34  47 221 224 175  35  32 145 202 151 108
 224 170  38  99 206 129  45 214 225 223 121  26  30 126 202 214
  94 205  74 139 231 168 103 225 224 223 179  64  25  23  94 192
  43  77 155 139 176 150 218 227 205 111  35  82  27  26  26  45
  43  41  42  69 112 144 150  99  43  29  29  43  63  95 115 107
  47  44  41  40  38  38  34  30  31  41 128 197 217 217 216 213
  68  46  43  40  37  34  33  31  73 204 218 166 136 155 207 216
 224 106  44  39  36  36  35  90 225 185  58  27  27  28  52 175
 143 205 126  43  39  37  61 215 194  53  28  26  28  25  26  49
  60  85 218  88  44  41 160 229 122  31  28  26  25  25  23  23
 120 132 139 195  51  51 219 230  93  32  30  31  28  23  23  23
 249 243 116 230  89  89 236 231 102  35  59 172 115  26  26  26
 196 194 146 246 145 105 235 232 163  40 168 222 221  66  27  30
 135 179 243 246 164 112 238 234 228 119 147 225 207  43  37 138
 246 238 226 129 104 156 225 218 113 162 119 158 199 220 218 217
 243 223  72  38  37  37 130 228 206  73  93 138 222 220 219 215
 243 163  45  36  38  38  52 225 225 171  33  37 152 204 155 104
 227 167  41 100 205 122  49 218 224 223 117  27  36 135 205 215
 100 210  69 145 232 170 112 226 225 224 183  66  26  26 101 200
  46  81 160 142 180 150 220 228 206 115  43  84  30  28  29  48
  49  46  46  80 118 146 154 102  46  35  33  41  60  95 105 101
  53  49  45  48  45  43  39  34  34  42 126 194 217 218 218 212
  69  52  48  45  40  40  38  39  79 203 219 168 140 160 209 217
 223 103  48  45  38  38  38  96 227 188  62  29  34  32  56 179
 148 209 126  47  43  39  66 219 195  53  30  32  31  29  29  56
  61  88 222  87  48  42 166 230 122  33  33  27  26  25  25  27
 122 130 140 197  54  55 228 233  91  35  34  33  30  24  24  26
 250 247 119 235  87  94 237 232  98  36  66 174 114  29  27  28
 199 198 152 244 142 112 237 234 161  42 173 224 220  69  31  35
 130 178 243 249 163 118 240 235 230 116 155 224 207  47  38 138

 219 213 106 215 193  46 107 216 218 177  54  25  22  25  31 138
 220 221 155 204  98  28 118 220 207  60  25  22  23  24  26  35
 222 221 205 129  29  23  97 220 159  32  26  23  22  25  69  49
 197 221 148  31  25  26  65 218 136  30  28  27  29 119 223 211
 160 137  35  23  66  87  45 200 169  28  26  26  32 176 226 228
 116  88  38 124 175  45  35 130 219  62  28  27  28  62 173 158
 161  79 178 227 225 114  32  43 204 185  54  30  35  37  41 119
 116 206 230 231 230 209  44  31  78 228 195 123  94 103 164 231
 221 229 225 219 232 233 102  33  34  99 223 238 236 236 240 243
 226 135  54  45 101 224 155  38  33  34  63 165 227 243 245 247
 154  38  33 132 170 151 148  40  36  35  39  41  56  92 116 122
 105  37  37 213 237 178 119  41  37  37  41  42  53  93 143 165
 132  38  38 104 144 144  76  41  40  41  45  88 197 234 249 250
 230  68  40  41  76 162  48  43  44  44 127 221 148 121 146 244
 242 225 168 174 209  86  45  44  48 107 210  93 137 246 197 181
 248 248 248 232 106  44  44  47  70 229 152  63 123 250 200 138
 216 213 108 214 192  45 107 213 216 175  49  23  23  26  30 138
 217 217 151 202  94  26 115 216 207  52  26  23  23  26  27  37
 219 219 202 126  23  26  95 217 155  28  25  25  23  26  66  43
 196 220 145  30  25  27  63 217 136  27  28  25  28 115 221 207
 160 135  32  26  64  82  43 197 166  27  26  26  31 172 222 225
 111  86  35 121 179  35  29 128 218  58  28  28  30  59 168 147
 156  71 175 223 223 111  29  41 204 185  53  31  32  35  40 119
 114 205 224 225 224 205  43  31  73 225 194 122  93 102 163 228
 217 225 221 214 225 227  99  30  31  90 215 229 230 231 232 234
 222 126  47  45 103 218 150  34  33  35  61 160 219 236 235 238
 153  34  34 129 168 150 144  38  34  36  37  41  51  89 105 112
 102  34  36 206 231 176 112  38  37  36  39  44  51  89 145 164
 131  35  34  99 139 139  69  40  40  39  43  88 195 230 246 246
 224  69  37  38  74 155  42  41  43  44 126 218 139 116 146 243
 233 221 162 170 205  77  41  44  46 106 205  85 132 243 194 179
 238 238 239 224  94  43  43  47  68 224 143  60 120 249 196 135
 217 215 104 215 200  48 101 212 217 179  56  27  26  28  35 138
 218 219 155 205 101  29 105 218 209  56  29  25  24  27  31  38
 220 220 204 135  26  28  95 218 160  32  29  25  24  29  69  47
 199 222 152  36  26  30  60 217 140  34  31  26  30 114 220 207
 158 138  37  27  66  84  41 194 168  29  32  27  33 174 224 224
 119  93  33 117 183  43  33 126 219  62  30  33  34  66 173 155
 162  73 171 223 224 115  35  42 203 188  53  33  35  36  42 116
 113 206 225 224 225 206  46  34  79 227 195 122  91  98 161 230
 218 228 225 218 226 228 102  34  39  96 219 230 233 232 234 235
 225 130  52  49 112 220 154  39  38  38  66 166 228 237 237 240
 156  37  38 122 170 150 146  43  40  38  39  42  55  94 112 118
 104  37  38 205 232 180 118  45  40  38  43  48  54  87 142 163
 129  38  36 100 145 142  80  48  45  45  47  87 197 235 244 249
 226  72  45  41  69 160  46  45  48  48 126 222 140 119 152 243
 238 223 163 167 210  81  46  49  52 103 209  88 130 247 198 178
 246 243 243 227 100  46  49  53  69 223 148  61 122 250 199 130

 138  35  49 211 228 158 119 231 243 247 122 165 250 244 181 138
  31  26  69 223 226 173  41 164 240 245 116 143 249 146 197 200
  25  24  25 119 176  62  37 103 236 243  92  93 234 121 246 250
  22  23  22  29  32  28  35  94 236 227  56  53 197 148 137 123
  25  22  23  27  26  27  30 123 238 165  41  42  88 221  93  63
  54  25  26  28  26  28  54 195 223  63  39  41  45 127 210 152
 177  60  32  30  28  62 185 228  99  34  35  37  41  44 107 229
 218 207 159 136 169 219 204  78  34  33  36  37  40  44  48  70
 216 220 220 218 200 130  43  31  33  38  40  41  41  43  44  47
 107 118  97  65  45  35  32  44 102 155 148 119  76  48  45  44
  46  28  23  26  87  45 114 209 233 224 151 178 144 162  86  44
 193  98  29  25  66 175 225 230 232 101 170 237 144  76 209 106
 215 204 129  31  23 124 227 231 219  45 132 213 104  41 174 232
 106 155 205 148  35  38 178 230 225  54  33  37  38  40 168 248
 213 221 221 221 137  88  79 206 229 135  38  37  38  68 225 248
 219 220 222 197 160 116 161 116 221 226 154 105 132 230 242 248
 138  37  43 207 225 147 119 228 234 238 112 164 246 243 179 135
  30  27  66 221 222 168  40 163 232 235 105 145 246 146 194 196
  26  26  26 115 172  59  35 102 231 236  89  89 230 116 243 249
  23  23  23  28  31  30  32  93 230 219  51  51 195 139 132 120
  23  23  25  25  26  28  31 122 229 160  41  44  88 218  85  60
  49  26  25  28  26  28  53 194 215  61  37  39  43 126 205 143
 175  52  28  27  27  58 185 225  90  35  36  36  39  44 106 224
 216 207 155 136 166 218 204  73  31  33  34  37  40  43  46  68
 213 216 217 217 197 128  41  31  30  34  38  38  40  41  44  47
 107 115  95  63  43  29  29  43  99 150 144 112  69  42  41  43
  45  26  26  27  82  35 111 205 227 218 150 176 139 155  77  43
 192  94  23  25  64 179 223 224 225 103 168 231 139  74 205  94
 214 202 126  30  26 121 223 225 214  45 129 206  99  38 170 224
 108 151 202 145  32  35 175 224 221  47  34  36  34  37 162 239
 213 217 219 220 135  86  71 205 225 126  34  34  35  69 221 238
 216 217 219 196 160 111 156 114 217 222 153 102 131 224 233 238
 138  38  47 207 224 155 116 230 235 240 118 163 249 243 178 130
  35  31  69 220 224 173  42 161 234 237 112 142 244 152 198 199
  28  27  29 114 174  66  36  98 232 237  94  87 235 119 247 250
  26  24  24  30  33  34  35  91 233 228  55  54 197 140 130 122
  27  25  25  26  27  33  33 122 230 166  42  48  87 222  88  61
  56  29  29  31  32  30  53 195 219  66  39  43  47 126 209 148
 179  56  32  34  29  62 188 227  96  38  38  38  45  48 103 223
 217 209 160 140 168 219 203  79  39  38  40  40  45  48  52  69
 212 218 218 217 194 126  42  34  34  39  43  45  48  45  49  53
 101 105  95  60  41  33  35  46 102 154 146 118  80  46  46  49
  48  29  28  30  84  43 115 206 228 220 150 180 142 160  81  46
 200 101  26  26  66 183 224 225 226 112 170 232 145  69 210 100
 215 205 135  36  27 117 223 224 218  49 122 205 100  41 167 227
 104 155 204 152  37  33 171 225 225  52  38  38  36  45 163 243
 215 219 220 222 138  93  73 206 228 130  37  37  38  72 223 243
 217 218 220 199 158 119 162 113 218 225 156 104 129 226 238 246

 138 200 250 123  63 152 229  70  47  44  44 106 232 248 248 248
 181 197 246 137  93 210 107  48  44  45  86 209 174 168 225 242
 244 146 121 148 221 127  44  44  43  48 162  76  41  40  68 230
 250 249 234 197  88  45  41  40  41  76 144 144 104  38  38 132
 165 143  93  53  42  41  37  37  41 119 178 237 213  37  37 105
 122 116  92  56  41  39  35  36  40 148 151 170 132  33  38 154
 247 245 243 227 165  63  34  33  38 155 224 101  45  54 135 226
 243 240 236 236 238 223  99  34  33 102 233 232 219 225 229 221
 231 164 103  94 123 195 228  78  31  44 209 230 231 230 206 116
 119  41  37  35  30  54 185 204  43  32 114 225 227 178  79 161
 158 173  62  28  27  28  62 219 130  35  45 175 124  38  88 116
 228 226 176  32  26  26  28 169 200  45  87  66  23  35 137 160
 211 223 119  29  27  28  30 136 218  65  26  25  31 148 221 197
  49  69  25  22  23  26  32 159 220  97  23  29 129 205 221 222
  35  26  24  23  22  25  60 207 220 118  28  98 204 155 221 220
 138  31  25  22  25  54 177 218 216 107  46 193 215 106 213 219
 135 196 249 120  60 143 224  68  47  43  43  94 224 239 238 238
 179 194 243 132  85 205 106  46  44  41  77 205 170 162 221 233
 243 146 116 139 218 126  44  43  41  42 155  74  38  37  69 224
 246 246 230 195  88  43  39  40  40  69 139 139  99  34  35 131
 164 145  89  51  44  39  36  37  38 112 176 231 206  36  34 102
 112 105  89  51  41  37  36  34  38 144 150 168 129  34  34 153
 238 235 236 219 160  61  35  33  34 150 218 103  45  47 126 222
 234 232 231 230 229 215  90  31  30  99 227 225 214 221 225 217
 228 163 102  93 122 194 225  73  31  43 205 224 225 224 205 114
 119  40  35  32  31  53 185 204  41  29 111 223 223 175  71 156
 147 168  59  30  28  28  58 218 128  29  35 179 121  35  86 111
 225 222 172  31  26  26  27 166 197  43  82  64  26  32 135 160
 207 221 115  28  25  28  27 136 217  63  27  25  30 145 220 196
  43  66  26  23  25  25  28 155 217  95  26  23 126 202 219 219
  37  27  26  23  23  26  52 207 216 115  26  94 202 151 217 217
 138  30  26  23  23  49 175 216 213 107  45 192 214 108 213 216
 130 199 250 122  61 148 223  69  53  49  46 100 227 243 243 246
 178 198 247 130  88 209 103  52  49  46  81 210 167 163 223 238
 243 152 119 140 222 126  48  48  45  46 160  69  41  45  72 226
 249 244 235 197  87  47  45  45  48  80 142 145 100  36  38 129
 163 142  87  54  48  43  38  40  45 118 180 232 205  38  37 104
 118 112  94  55  42  39  38  40  43 146 150 170 122  38  37 156
 240 237 237 228 166  66  38  38  39 154 220 112  49  52 130 225
 235 234 232 233 230 219  96  39  34 102 228 226 218 225 228 218
 230 161  98  91 122 195 227  79  34  46 206 225 224 225 206 113
 116  42  36  35  33  53 188 203  42  35 115 224 223 171  73 162
 155 173  66  34  33  30  62 219 126  33  43 183 117  33  93 119
 224 224 174  33  27  32  29 168 194  41  84  66  27  37 138 158
 207 220 114  30  26  31  34 140 217  60  30  26  36 152 222 199
  47  69  29  24  25  29  32 160 218  95  28  26 135 204 220 220
  38  31  27  24  25  29  56 209 218 105  29 101 205 155 219 218
 138  35  28  26  27  56 179 217 212 101  48 200 215 104 215 217

