  78 121 241 253 254 254 254 255 255 255 255 255 255 255 255 247
 115 244 254 254 254 255 255 255 255 255 255 255 255 254 255 254
 240 254 255 254 254 255 255 255 255 255 255 255 255 255 255 254
 254 255 255 255 255 255 255 255 255 255 254 254 254 255 255 254
 253 254 255 255 255 254 254 198 155 191 225 249 254 254 255 255
 255 255 255 255 255 254 144  90 118 254 254 171 252 255 255 255
 255 255 255 255 255 224  91  84  95 233 252 113 170 254 255 255
 255 255 255 255 255 186  89  82  81  86 102  88 105 254 255 255
 254 255 255 255 255 187  89  82  82  84  85  82 122 254 255 255
 254 254 255 255 255 230  90  83  83  83  83  83 185 254 255 255
 254 254 255 255 255 254 214  96  86  83  84 131 252 254 255 255
 253 254 255 255 255 254 254 235 193 159 194 254 254 254 255 255
 250 254 255 255 255 255 255 255 255 255 255 255 255 255 255 255
 176 252 255 255 255 255 255 255 255 255 255 255 255 254 254 254
  78 169 254 254 255 255 255 255 255 255 255 255 255 255 254 254
  77  81 182 252 255 255 254 254 255 255 255 255 254 254 253 205
  77 114 243 254 254 254 254 255 255 255 255 255 255 254 254 248
 111 246 254 255 255 255 255 255 255 255 255 255 255 254 254 254
 238 254 254 255 255 255 255 255 255 255 255 255 255 255 255 254
 254 255 255 255 255 255 255 255 255 255 254 254 254 255 255 254
 254 255 255 255 255 254 254 200 154 189 225 249 254 254 255 255
 254 254 255 255 255 254 147  90 113 254 254 171 253 254 255 255
 254 254 255 255 255 225  93  85  96 232 252 110 173 254 255 255
 254 255 255 255 255 185  89  82  82  86  92  86 114 254 255 255
 254 254 255 255 255 183  88  83  82  83  84  83 127 254 255 255
 254 255 255 255 255 231  95  84  81  84  83  83 186 254 255 255
 254 254 255 255 255 254 213  95  85  83  85 133 252 254 255 255
 254 254 255 255 255 254 254 234 193 160 195 254 254 254 255 255
 252 254 255 255 255 255 255 255 255 255 255 255 255 255 255 255
 175 252 255 255 255 255 255 255 255 255 255 255 255 255 255 254
  79 170 254 254 255 255 255 255 255 255 255 255 255 255 255 254
  78  76 180 252 255 255 254 254 255 255 255 255 254 254 254 204
  82 118 239 254 255 254 254 255 255 255 255 255 255 254 254 248
 110 246 254 255 255 255 255 255 255 255 255 255 255 254 254 254
 235 254 254 255 255 255 255 255 255 255 255 255 255 255 255 254
 253 255 255 255 255 255 255 255 255 255 254 254 254 255 255 254
 254 254 255 255 255 254 254 198 156 189 225 248 254 254 255 255
 254 254 255 255 255 254 141  91 113 253 253 168 251 254 255 255
 253 254 255 255 255 223  92  86  93 228 252 116 167 254 255 255
 255 253 255 255 255 193  91  84  85  86  96  94  82 254 255 255
 254 254 255 255 255 193  93  84  84  86  87  87 109 254 255 255
 254 254 255 255 255 230 105  84  84  85  85  86 179 254 255 255
 254 254 255 255 255 254 216 101  89  88  87 128 250 254 255 255
 254 254 255 255 255 254 254 235 193 163 192 254 254 254 255 255
 251 254 255 255 255 255 255 255 255 255 255 255 255 255 255 255
 169 252 255 255 255 255 255 255 255 255 255 255 255 254 254 254
  80 164 254 254 255 255 255 255 255 255 255 255 255 254 254 254
  81  78 180 252 255 255 254 254 255 255 255 255 254 254 254 204

 247 254 254 254 255 255 255 255 255 255 255 255 255 254 254 205
 255 255 255 255 255 255 255 255 255 255 255 255 255 254 254 253
 255 254 255 255 254 255 254 254 254 254 254 254 255 254 255 254
 255 255 255 254 254 252 170 105 122 185 252 254 255 255 255 254
 255 255 255 254 249 171 113  88  82  83 131 254 255 255 255 255
 255 255 255 254 225 254 252 102  85  83  84 194 255 255 255 255
 255 255 255 255 191 254 233  86  84  83  83 159 255 255 255 255
 255 255 255 255 155 118  95  81  82  83  86 193 255 255 255 255
 255 255 255 255 198  90  84  82  82  83  96 235 255 255 255 254
 254 255 255 255 254 144  91  89  89  90 214 254 255 255 255 254
 254 255 255 255 254 254 224 186 187 230 254 254 255 255 255 255
 254 254 254 255 255 255 255 255 255 255 255 255 255 255 255 255
 253 254 254 255 255 255 255 255 255 255 255 255 255 255 254 252
 241 254 255 255 255 255 255 255 255 255 255 255 255 255 254 182
 121 244 254 255 254 255 255 255 255 254 254 254 254 252 169  81
  78 115 240 254 253 255 255 255 254 254 254 253 250 176  78  77
 248 254 254 254 255 255 255 255 255 255 255 255 255 254 254 204
 254 254 255 255 255 255 255 255 255 255 255 255 255 255 255 254
 254 254 255 255 254 254 254 254 254 254 254 254 255 255 255 254
 255 255 255 254 254 253 173 114 127 186 252 254 255 255 255 254
 255 255 255 254 249 171 110  86  83  83 133 254 255 255 255 255
 255 255 255 254 225 254 252  92  84  83  85 195 255 255 255 255
 255 255 255 255 189 254 232  86  83  84  83 160 255 255 255 255
 255 255 255 255 154 113  96  82  82  81  85 193 255 255 255 255
 255 255 255 255 200  90  85  82  83  84  95 234 255 255 255 254
 254 255 255 255 254 147  93  89  88  95 213 254 255 255 255 254
 254 255 255 255 254 254 225 185 183 231 254 254 255 255 255 255
 254 255 255 255 255 255 255 255 255 255 255 255 255 255 255 255
 254 255 255 255 255 255 255 255 255 255 255 255 255 255 254 252
 243 254 254 255 255 255 255 255 255 255 255 255 255 255 254 180
 114 246 254 255 255 254 254 255 254 255 254 254 254 252 170  76
  77 111 238 254 254 254 254 254 254 254 254 254 252 175  79  78
 248 254 254 254 255 255 255 255 255 255 255 255 255 254 254 204
 254 254 255 255 255 255 255 255 255 255 255 255 255 254 254 254
 254 254 255 255 254 254 254 254 254 254 254 254 255 254 254 254
 255 255 255 254 254 251 167  82 109 179 250 254 255 255 255 254
 255 255 255 254 248 168 116  94  87  86 128 254 255 255 255 255
 255 255 255 254 225 253 252  96  87  85  87 192 255 255 255 255
 255 255 255 255 189 253 228  86  86  85  88 163 255 255 255 255
 255 255 255 255 156 113  93  85  84  84  89 193 255 255 255 255
 255 255 255 255 198  91  86  84  84  84 101 235 255 255 255 254
 254 255 255 255 254 141  92  91  93 105 216 254 255 255 255 254
 254 255 255 255 254 254 223 193 193 230 254 254 255 255 255 255
 255 255 255 255 255 255 255 255 255 255 255 255 255 255 255 255
 254 255 255 255 255 255 255 255 255 255 255 255 255 255 254 252
 239 254 254 255 255 255 255 255 255 255 255 255 255 255 254 180
 118 246 254 255 254 254 254 253 254 254 254 254 254 252 164  78
  82 110 235 253 254 254 253 255 254 254 254 254 251 169  80  81

 205 253 254 254 255 255 255 255 254 254 255 255 252 182  81  77
 254 254 255 255 255 255 255 255 255 255 255 255 254 254 169  78
 254 254 254 255 255 255 255 255 255 255 255 255 255 255 252 176
 255 255 255 255 255 255 255 255 255 255 255 255 255 255 254 250
 255 255 254 254 254 194 159 193 235 254 254 255 255 255 254 253
 255 255 254 252 131  84  83  86  96 214 254 255 255 255 254 254
 255 255 254 185  83  83  83  83  83  90 230 255 255 255 254 254
 255 255 254 122  82  85  84  82  82  89 187 255 255 255 255 254
 255 255 254 105  88 102  86  81  82  89 186 255 255 255 255 255
 255 255 254 170 113 252 233  95  84  91 224 255 255 255 255 255
 255 255 255 252 171 254 254 118  90 144 254 255 255 255 255 255
 255 255 254 254 249 225 191 155 198 254 254 255 255 255 254 253
 254 255 255 254 254 254 255 255 255 255 255 255 255 255 255 254
 254 255 255 255 255 255 255 255 255 255 255 254 254 255 254 240
 254 255 254 255 255 255 255 255 255 255 255 254 254 254 244 115
 247 255 255 255 255 255 255 255 255 254 254 254 253 241 121  78
 204 254 254 254 255 255 255 255 254 254 255 255 252 180  76  78
 254 255 255 255 255 255 255 255 255 255 255 255 254 254 170  79
 254 255 255 255 255 255 255 255 255 255 255 255 255 255 252 175
 255 255 255 255 255 255 255 255 255 255 255 255 255 255 254 252
 255 255 254 254 254 195 160 193 234 254 254 255 255 255 254 254
 255 255 254 252 133  85  83  85  95 213 254 255 255 255 254 254
 255 255 254 186  83  83  84  81  84  95 231 255 255 255 255 254
 255 255 254 127  83  84  83  82  83  88 183 255 255 255 254 254
 255 255 254 114  86  92  86  82  82  89 185 255 255 255 255 254
 255 255 254 173 110 252 232  96  85  93 225 255 255 255 254 254
 255 255 254 253 171 254 254 113  90 147 254 255 255 255 254 254
 255 255 254 254 249 225 189 154 200 254 254 255 255 255 255 254
 254 255 255 254 254 254 255 255 255 255 255 255 255 255 255 254
 254 255 255 255 255 255 255 255 255 255 255 255 255 254 254 238
 254 254 254 255 255 255 255 255 255 255 255 255 255 254 246 111
 248 254 254 255 255 255 255 255 255 254 254 254 254 243 114  77
 204 254 254 254 255 255 255 255 254 254 255 255 252 180  78  81
 254 254 254 255 255 255 255 255 255 255 255 255 254 254 164  80
 254 254 254 255 255 255 255 255 255 255 255 255 255 255 252 169
 255 255 255 255 255 255 255 255 255 255 255 255 255 255 254 251
 255 255 254 254 254 192 163 193 235 254 254 255 255 255 254 254
 255 255 254 250 128  87  88  89 101 216 254 255 255 255 254 254
 255 255 254 179  86  85  85  84  84 105 230 255 255 255 254 254
 255 255 254 109  87  87  86  84  84  93 193 255 255 255 254 254
 255 255 254  82  94  96  86  85  84  91 193 255 255 255 253 255
 255 255 254 167 116 252 228  93  86  92 223 255 255 255 254 253
 255 255 254 251 168 253 253 113  91 141 254 255 255 255 254 254
 255 255 254 254 248 225 189 156 198 254 254 255 255 255 254 254
 254 255 255 254 254 254 255 255 255 255 255 255 255 255 255 253
 254 255 255 255 255 255 255 255 255 255 255 255 255 254 254 235
 254 254 254 255 255 255 255 255 255 255 255 255 255 254 246 110
 248 254 254 255 255 255 255 255 255 254 254 255 254 239 118  82

  77  78 176 250 253 254 254 254 255 255 255 253 254 240 115  78
  81 169 252 254 254 254 254 255 255 255 255 254 255 254 244 121
 182 254 255 255 255 255 255 255 255 255 255 255 255 255 254 241
 252 254 255 255 255 255 255 255 255 255 255 255 255 254 254 253
 255 255 255 255 255 255 255 255 255 255 255 255 255 254 254 254
 255 255 255 255 254 254 230 187 186 224 254 254 255 255 255 254
 254 255 255 255 254 214  90  89  89  91 144 254 255 255 255 254
 254 255 255 255 235  96  83  82  82  84  90 198 255 255 255 255
 255 255 255 255 193  86  83  82  81  95 118 155 255 255 255 255
 255 255 255 255 159  83  83  84  86 233 254 191 255 255 255 255
 255 255 255 255 194  84  83  85 102 252 254 225 254 255 255 255
 255 255 255 255 254 131  83  82  88 113 171 249 254 255 255 255
 254 255 255 255 254 252 185 122 105 170 252 254 254 255 255 255
 254 255 254 255 254 254 254 254 254 254 255 254 255 255 254 255
 253 254 254 255 255 255 255 255 255 255 255 255 255 255 255 255
 205 254 254 255 255 255 255 255 255 255 255 255 254 254 254 247
  78  79 175 252 254 254 254 254 254 254 254 254 254 238 111  77
  76 170 252 254 254 254 255 254 255 254 254 255 255 254 246 114
 180 254 255 255 255 255 255 255 255 255 255 255 255 254 254 243
 252 254 255 255 255 255 255 255 255 255 255 255 255 255 255 254
 255 255 255 255 255 255 255 255 255 255 255 255 255 255 255 254
 255 255 255 255 254 254 231 183 185 225 254 254 255 255 255 254
 254 255 255 255 254 213  95  88  89  93 147 254 255 255 255 254
 254 255 255 255 234  95  84  83  82  85  90 200 255 255 255 255
 255 255 255 255 193  85  81  82  82  96 113 154 255 255 255 255
 255 255 255 255 160  83  84  83  86 232 254 189 255 255 255 255
 255 255 255 255 195  85  83  84  92 252 254 225 254 255 255 255
 255 255 255 255 254 133  83  83  86 110 171 249 254 255 255 255
 254 255 255 255 254 252 186 127 114 173 253 254 254 255 255 255
 254 255 255 255 254 254 254 254 254 254 254 254 255 255 254 254
 254 255 255 255 255 255 255 255 255 255 255 255 255 255 254 254
 204 254 254 255 255 255 255 255 255 255 255 255 254 254 254 248
  81  80 169 251 254 254 254 254 255 253 254 254 253 235 110  82
  78 164 252 254 254 254 254 254 253 254 254 254 255 254 246 118
 180 254 255 255 255 255 255 255 255 255 255 255 255 254 254 239
 252 254 255 255 255 255 255 255 255 255 255 255 255 255 255 254
 255 255 255 255 255 255 255 255 255 255 255 255 255 255 255 255
 255 255 255 255 254 254 230 193 193 223 254 254 255 255 255 254
 254 255 255 255 254 216 105  93  91  92 141 254 255 255 255 254
 254 255 255 255 235 101  84  84  84  86  91 198 255 255 255 255
 255 255 255 255 193  89  84  84  85  93 113 156 255 255 255 255
 255 255 255 255 163  88  85  86  86 228 253 189 255 255 255 255
 255 255 255 255 192  87  85  87  96 252 253 225 254 255 255 255
 255 255 255 255 254 128  86  87  94 116 168 248 254 255 255 255
 254 255 255 255 254 250 179 109  82 167 251 254 254 255 255 255
 254 254 254 255 254 254 254 254 254 254 254 254 255 255 254 254
 254 254 254 255 255 255 255 255 255 255 255 255 255 255 254 254
 204 254 254 255 255 255 255 255 255 255 255 255 254 254 254 248

