  65  63  65  64  63  67 224  71  67 228 253 235 165  89  55  36
  64  62  62  62  64 119 169  59 104 254 254 254 253 241 145  59
  63  61  60  60  60 146  80  58 138 254 255 255 254 254 253 147
  62  58  58  58  60  99  60  58 171 254 255 255 255 255 254 245
  60  54  56  58  57  57  52  53 201 254 255 255 255 255 254 252
  56  58  55  55  57  55  53  59 241 254 255 255 255 255 254 252
  55  60  58  55  55  54  53  76 250 255 255 255 255 255 254 253
  56  56  57  55  54  54  51  94 254 255 255 255 255 255 254 253
  56  56  58  54  55  50  48 110 253 253 254 255 255 255 254 252
  56  57  56  55  51  50  52 136 253 254 253 254 254 254 254 252
  77  69  67  57  50  50  51 149 183 208 244 252 254 255 254 251
  56  54  54  55  49  48  51 102  72  47  70 207 253 254 254 251
  54  51  51  51  49  49  53 204 188  53  42  65 245 254 253 251
  53  52  50  48  48  47  52 218 174  45  42  41 186 254 253 252
  53  51  50  49  47  47  48  82  44  41  40  45 166 254 253 249
  64  53  48  46  43  44  46  42  42  42  42  49 220 254 252 250
  63  61  62  62  64  69 223  69  68 228 254 232 155  66  39  33
  63  62  61  60  62 121 166  59 105 254 254 254 254 236 115  37
  61  59  58  57  58 155  77  56 141 254 255 255 254 254 253 127
  59  57  56  57  57 101  57  56 174 254 255 255 255 255 254 244
  56  54  56  57  57  56  56  58 205 254 255 255 255 255 254 254
  57  54  56  55  54  52  52  64 243 254 255 255 255 255 254 253
  54  54  54  54  53  53  52  79 253 255 255 255 255 255 255 254
  54  55  56  53  52  51  51  94 254 255 255 255 255 255 254 253
  55  54  51  52  53  50  50 116 254 254 254 255 255 255 254 252
  56  55  54  53  50  48  51 143 254 254 255 254 255 255 254 252
  73  64  63  52  48  47  53 157 197 213 246 254 254 255 254 250
  56  53  53  52  48  49  50  81  55  47  73 218 254 254 254 249
  54  52  49  48  45  48  52 207 182  47  46  72 249 253 253 250
  53  52  49  48  45  46  51 220 172  45  42  45 201 254 253 250
  54  52  49  47  46  45  45  85  45  42  39  41 172 254 253 244
  57  52  48  46  45  44  43  43  41  42  39  47 225 254 251 248
  65  65  64  65  64  70 223  72  72 229 253 232 161  78  49  40
  63  62  62  63  63 122 170  63 110 254 254 254 254 237 125  53
  64  63  60  59  61 158  84  62 143 254 255 255 254 254 253 131
  62  63  59  61  62  93  61  57 176 254 255 255 255 255 254 244
  61  61  61  57  58  57  59  58 206 254 255 255 255 255 254 254
  58  58  55  58  58  57  56  68 243 254 255 255 255 255 254 253
  56  57  54  56  57  55  57  82 252 255 255 255 255 255 255 254
  58  54  53  59  57  55  51  98 254 255 255 255 255 255 254 253
  58  57  58  59  58  54  54 115 253 254 255 255 255 255 254 252
  56  55  57  56  52  49  59 146 254 254 254 254 254 255 254 252
  75  72  67  55  52  51  54 159 197 215 247 254 254 255 254 251
  59  58  60  58  51  51  50  88  65  54  77 218 254 253 254 252
  59  55  53  52  53  49  57 206 184  50  50  70 248 254 253 252
  57  54  54  51  51  48  58 218 173  48  44  52 200 254 253 251
  57  54  51  49  46  46  49  86  42  44  45  51 173 254 254 250
  61  54  49  49  46  45  45  43  43  43  44  50 226 254 253 251

  36  59 147 245 252 252 253 253 252 252 251 251 251 252 249 250
  55 145 253 254 254 254 254 254 254 254 254 254 253 253 253 252
  89 241 254 255 255 255 255 255 255 254 255 254 254 254 254 254
 165 253 254 255 255 255 255 255 255 254 254 253 245 186 166 220
 235 254 255 255 255 255 255 255 255 254 252 207  65  41  45  49
 253 254 255 255 255 255 255 255 254 253 244  70  42  42  40  42
 228 254 254 254 254 254 255 255 253 254 208  47  53  45  41  42
  67 104 138 171 201 241 250 254 253 253 183  72 188 174  44  42
  71  59  58  58  53  59  76  94 110 136 149 102 204 218  82  42
 224 169  80  60  52  53  53  51  48  52  51  51  53  52  48  46
  67 119 146  99  57  55  54  54  50  50  50  48  49  47  47  44
  63  64  60  60  57  57  55  54  55  51  50  49  49  48  47  43
  64  62  60  58  58  55  55  55  54  55  57  55  51  48  49  46
  65  62  60  58  56  55  58  57  58  56  67  54  51  50  50  48
  63  62  61  58  54  58  60  56  56  57  69  54  51  52  51  53
  65  64  63  62  60  56  55  56  56  56  77  56  54  53  53  64
  33  37 127 244 254 253 254 253 252 252 250 249 250 250 244 248
  39 115 253 254 254 254 255 254 254 254 254 254 253 253 253 251
  66 236 254 255 255 255 255 255 255 255 255 254 253 254 254 254
 155 254 254 255 255 255 255 255 255 255 254 254 249 201 172 225
 232 254 255 255 255 255 255 255 255 254 254 218  72  45  41  47
 254 254 255 255 255 255 255 255 254 255 246  73  46  42  39  39
 228 254 254 254 254 254 255 255 254 254 213  47  47  45  42  42
  68 105 141 174 205 243 253 254 254 254 197  55 182 172  45  41
  69  59  56  56  58  64  79  94 116 143 157  81 207 220  85  43
 223 166  77  57  56  52  52  51  50  51  53  50  52  51  45  43
  69 121 155 101  56  52  53  51  50  48  47  49  48  46  45  44
  64  62  58  57  57  54  53  52  53  50  48  48  45  45  46  45
  62  60  57  57  57  55  54  53  52  53  52  52  48  48  47  46
  62  61  58  56  56  56  54  56  51  54  63  53  49  49  49  48
  61  62  59  57  54  54  54  55  54  55  64  53  52  52  52  52
  63  63  61  59  56  57  54  54  55  56  73  56  54  53  54  57
  40  53 131 244 254 253 254 253 252 252 251 252 252 251 250 251
  49 125 253 254 254 254 255 254 254 254 254 254 253 253 254 253
  78 237 254 255 255 255 255 255 255 255 255 253 254 254 254 254
 161 254 254 255 255 255 255 255 255 254 254 254 248 200 173 226
 232 254 255 255 255 255 255 255 255 254 254 218  70  52  51  50
 253 254 255 255 255 255 255 255 255 254 247  77  50  44  45  44
 229 254 254 254 254 254 255 255 254 254 215  54  50  48  44  43
  72 110 143 176 206 243 252 254 253 254 197  65 184 173  42  43
  72  63  62  57  58  68  82  98 115 146 159  88 206 218  86  43
 223 170  84  61  59  56  57  51  54  59  54  50  57  58  49  45
  70 122 158  93  57  57  55  55  54  49  51  51  49  48  46  45
  64  63  61  62  58  58  57  57  58  52  52  51  53  51  46  46
  65  63  59  61  57  58  56  59  59  56  55  58  52  51  49  49
  64  62  60  59  61  55  54  53  58  57  67  60  53  54  51  49
  65  62  63  63  61  58  57  54  57  55  72  58  55  54  54  54
  65  63  64  62  61  58  56  58  58  56  75  59  59  57  57  61

 250 252 254 220  49  42  42  42  42  46  44  43  46  48  53  64
 249 253 254 166  45  40  41  44  82  48  47  47  49  50  51  53
 252 253 254 186  41  42  45 174 218  52  47  48  48  50  52  53
 251 253 254 245  65  42  53 188 204  53  49  49  51  51  51  54
 251 254 254 253 207  70  47  72 102  51  48  49  55  54  54  56
 251 254 255 254 252 244 208 183 149  51  50  50  57  67  69  77
 252 254 254 254 254 253 254 253 136  52  50  51  55  56  57  56
 252 254 255 255 255 254 253 253 110  48  50  55  54  58  56  56
 253 254 255 255 255 255 255 254  94  51  54  54  55  57  56  56
 253 254 255 255 255 255 255 250  76  53  54  55  55  58  60  55
 252 254 255 255 255 255 254 241  59  53  55  57  55  55  58  56
 252 254 255 255 255 255 254 201  53  52  57  57  58  56  54  60
 245 254 255 255 255 255 254 171  58  60  99  60  58  58  58  62
 147 253 254 254 255 255 254 138  58  80 146  60  60  60  61  63
  59 145 241 253 254 254 254 104  59 169 119  64  62  62  62  64
  36  55  89 165 235 253 228  67  71 224  67  63  64  65  63  65
 248 251 254 225  47  39  42  41  43  43  44  45  46  48  52  57
 244 253 254 172  41  39  42  45  85  45  45  46  47  49  52  54
 250 253 254 201  45  42  45 172 220  51  46  45  48  49  52  53
 250 253 253 249  72  46  47 182 207  52  48  45  48  49  52  54
 249 254 254 254 218  73  47  55  81  50  49  48  52  53  53  56
 250 254 255 254 254 246 213 197 157  53  47  48  52  63  64  73
 252 254 255 255 254 255 254 254 143  51  48  50  53  54  55  56
 252 254 255 255 255 254 254 254 116  50  50  53  52  51  54  55
 253 254 255 255 255 255 255 254  94  51  51  52  53  56  55  54
 254 255 255 255 255 255 255 253  79  52  53  53  54  54  54  54
 253 254 255 255 255 255 254 243  64  52  52  54  55  56  54  57
 254 254 255 255 255 255 254 205  58  56  56  57  57  56  54  56
 244 254 255 255 255 255 254 174  56  57 101  57  57  56  57  59
 127 253 254 254 255 255 254 141  56  77 155  58  57  58  59  61
  37 115 236 254 254 254 254 105  59 166 121  62  60  61  62  63
  33  39  66 155 232 254 228  68  69 223  69  64  62  62  61  63
 251 253 254 226  50  44  43  43  43  45  45  46  49  49  54  61
 250 254 254 173  51  45  44  42  86  49  46  46  49  51  54  57
 251 253 254 200  52  44  48 173 218  58  48  51  51  54  54  57
 252 253 254 248  70  50  50 184 206  57  49  53  52  53  55  59
 252 254 253 254 218  77  54  65  88  50  51  51  58  60  58  59
 251 254 255 254 254 247 215 197 159  54  51  52  55  67  72  75
 252 254 255 254 254 254 254 254 146  59  49  52  56  57  55  56
 252 254 255 255 255 255 254 253 115  54  54  58  59  58  57  58
 253 254 255 255 255 255 255 254  98  51  55  57  59  53  54  58
 254 255 255 255 255 255 255 252  82  57  55  57  56  54  57  56
 253 254 255 255 255 255 254 243  68  56  57  58  58  55  58  58
 254 254 255 255 255 255 254 206  58  59  57  58  57  61  61  61
 244 254 255 255 255 255 254 176  57  61  93  62  61  59  63  62
 131 253 254 254 255 255 254 143  62  84 158  61  59  60  63  64
  53 125 237 254 254 254 254 110  63 170 122  63  63  62  62  63
  40  49  78 161 232 253 229  72  72 223  70  64  65  64  65  65

  64  53  53  54  56  77  56  56  56  55  56  60  62  63  64  65
  53  51  52  51  54  69  57  56  56  60  58  54  58  61  62  63
  48  50  50  51  54  67  56  58  57  58  55  56  58  60  62  65
  46  49  48  51  55  57  55  54  55  55  55  58  58  60  62  64
  43  47  48  49  49  50  51  55  54  55  57  57  60  60  64  63
  44  47  47  49  48  50  50  50  54  54  55  57  99 146 119  67
  46  48  52  53  51  51  52  48  51  53  53  52  60  80 169 224
  42  82 218 204 102 149 136 110  94  76  59  53  58  58  59  71
  42  44 174 188  72 183 253 253 254 250 241 201 171 138 104  67
  42  41  45  53  47 208 254 253 255 255 254 254 254 254 254 228
  42  40  42  42  70 244 253 254 255 255 255 255 255 255 254 253
  49  45  41  65 207 252 254 255 255 255 255 255 255 255 254 235
 220 166 186 245 253 254 254 255 255 255 255 255 255 254 253 165
 254 254 254 254 254 255 254 255 255 255 255 255 255 254 241  89
 252 253 253 253 254 254 254 254 254 254 254 254 254 253 145  55
 250 249 252 251 251 251 252 252 253 253 252 252 245 147  59  36
  57  54  53  54  56  73  56  55  54  54  57  56  59  61  63  63
  52  52  52  52  53  64  55  54  55  54  54  54  57  59  62  61
  48  49  49  49  53  63  54  51  56  54  56  56  56  58  61  62
  46  47  48  48  52  52  53  52  53  54  55  57  57  57  60  62
  45  46  45  45  48  48  50  53  52  53  54  57  57  58  62  64
  44  45  46  48  49  47  48  50  51  53  52  56 101 155 121  69
  43  45  51  52  50  53  51  50  51  52  52  56  57  77 166 223
  43  85 220 207  81 157 143 116  94  79  64  58  56  56  59  69
  41  45 172 182  55 197 254 254 254 253 243 205 174 141 105  68
  42  42  45  47  47 213 254 254 255 255 254 254 254 254 254 228
  39  39  42  46  73 246 255 254 255 255 255 255 255 255 254 254
  47  41  45  72 218 254 254 255 255 255 255 255 255 255 254 232
 225 172 201 249 254 254 255 255 255 255 255 255 255 254 254 155
 254 254 254 253 254 255 255 255 255 255 255 255 255 254 236  66
 251 253 253 253 254 254 254 254 254 255 254 254 254 253 115  39
 248 244 250 250 249 250 252 252 253 254 253 254 244 127  37  33
  61  57  57  59  59  75  56  58  58  56  58  61  62  64  63  65
  54  54  54  55  58  72  55  57  54  57  58  61  63  63  62  65
  49  51  54  53  60  67  57  58  53  54  55  61  59  60  62  64
  49  49  51  52  58  55  56  59  59  56  58  57  61  59  63  65
  46  46  51  53  51  52  52  58  57  57  58  58  62  61  63  64
  45  46  48  49  51  51  49  54  55  55  57  57  93 158 122  70
  45  49  58  57  50  54  59  54  51  57  56  59  61  84 170 223
  43  86 218 206  88 159 146 115  98  82  68  58  57  62  63  72
  43  42 173 184  65 197 254 253 254 252 243 206 176 143 110  72
  43  44  48  50  54 215 254 254 255 255 254 254 254 254 254 229
  44  45  44  50  77 247 254 255 255 255 255 255 255 255 254 253
  50  51  52  70 218 254 254 255 255 255 255 255 255 255 254 232
 226 173 200 248 254 254 254 255 255 255 255 255 255 254 254 161
 254 254 254 254 253 255 255 255 255 255 255 255 255 254 237  78
 253 254 253 253 254 254 254 254 254 255 254 254 254 253 125  49
 251 250 251 252 252 251 252 252 253 254 253 254 244 131  53  40

