  39  36  48  46 152 187  67  43  37  35  35  33  30  30  27  30
  42  40  42  44 137  92 181  45  35  33  35  32  31  29  28  25
  44  44  43  54 110  46 175 122  41  38  34  30  29  31  29  30
  65  50  84 205 245  57  71 200  55  38  34  31  32  29  44  70
 142  96 231 254 253 158  46 120 174  47  37  30  29  30  35 112
 182 243 253 253 254 248  89  49 193 101  37  30  28  30  30  31
 246 255 255 254 254 254 186  45  63 200  60  33  31  28  28  32
 254 254 255 254 254 254 251 150  48  78 195  43  32  27  28  29
 254 254 255 255 255 254 253 253 110  39 122 144  36  31  25  29
 253 255 255 255 255 254 254 254 238  57  39 119  80  29  24  24
 254 255 255 255 255 255 255 254 253 214  57  36  43  27  24  22
 254 255 255 255 255 255 255 254 254 248 114  38  33  26  25  25
 254 255 255 255 255 255 255 254 252 168  89 122  24  27  22  29
 254 255 255 255 255 255 255 254 251  66 132 247 115  28  30  40
 254 255 255 255 255 255 255 253 234  59  33 110  72  30  30  31
 253 254 254 255 255 255 255 254 248  73  42  34  31  30  29  34
  46  46  46  46 149 188  79  42  37  38  37  34  33  32  31  33
  46  43  43  47 137  97 180  46  40  38  36  35  34  32  32  33
  45  42  45  62 135  46 174 136  41  38  35  35  33  33  33  33
  54  49  88 205 246  68  75 200  56  41  36  34  34  32  41  67
 140  94 232 254 254 162  48 121 182  46  37  34  33  33  32 118
 179 242 254 254 254 248  90  47 195  99  39  33  32  30  31  36
 245 254 255 254 254 254 199  50  56 202  65  35  32  30  30  32
 254 254 255 254 254 254 251 149  45  81 196  41  34  32  30  31
 254 254 255 255 255 254 253 252 113  40 127 145  28  32  30  30
 254 255 255 255 255 254 254 254 241  68  38 124  79  33  30  30
 254 255 255 255 255 255 255 254 254 219  63  37  40  32  30  29
 254 255 255 255 255 255 255 254 254 253 113  38  34  30  31  29
 254 255 255 255 255 255 255 254 254 173  83 127  27  30  31  30
 254 255 255 255 255 255 255 254 254  74 128 247 123  32  31  47
 254 255 255 255 255 255 255 254 239  61  35 111  76  33  31  34
 254 254 254 255 255 255 255 254 251  75  41  36  34  33  31  34
  51  49  48  53 152 187  87  50  42  39  40  42  38  38  36  35
  50  47  51  49 154  93 185  63  49  42  41  40  39  37  35  35
  47  50  51  65 140  56 172 141  54  42  39  41  38  39  40  36
  63  57  86 203 249  78  66 200  72  42  39  38  38  40  59  80
 156  90 230 253 253 165  52 117 186  49  39  36  34  36  35 125
 187 243 254 254 254 249 101  51 187 109  47  37  33  33  34  35
 245 254 255 254 254 254 204  57  57 199  69  42  36  33  32  34
 254 254 255 254 254 254 252 164  53  71 196  55  39  35  32  34
 253 254 255 255 255 254 253 252 119  49 122 155  51  37  32  34
 253 255 255 255 255 254 254 253 242  73  49 114  94  44  35  34
 253 255 255 255 255 255 255 254 253 223  64  40  52  41  36  35
 254 255 255 255 255 255 255 254 253 253 119  34  40  37  35  33
 254 255 255 255 255 255 255 254 254 179  97 135  23  39  35  34
 254 255 255 255 255 255 255 254 253  83 126 247 124  44  37  53
 254 255 255 255 255 255 255 254 240  70  26 104  80  42  35  33
 253 254 254 255 255 255 255 253 250  91  48  37  41  40  35  33

  30  25  30  70 112  31  32  29  29  24  22  25  29  40  31  34
  27  28  29  44  35  30  28  28  25  24  24  25  22  30  30  29
  30  29  31  29  30  30  28  27  31  29  27  26  27  28  30  30
  30  31  29  32  29  28  31  32  36  80  43  33  24 115  72  31
  33  32  30  31  30  30  33  43 144 119  36  38 122 247 110  34
  35  35  34  34  37  37  60 195 122  39  57 114  89 132  33  42
  35  33  38  38  47 101 200  78  39  57 214 248 168  66  59  73
  37  35  41  55 174 193  63  48 110 238 253 254 252 251 234 248
  43  45 122 200 120  49  45 150 253 254 254 254 254 254 253 254
  67 181 175  71  46  89 186 251 253 254 255 255 255 255 255 255
 187  92  46  57 158 248 254 254 254 254 255 255 255 255 255 255
 152 137 110 245 253 254 254 254 255 255 255 255 255 255 255 255
  46  44  54 205 254 253 254 254 255 255 255 255 255 255 255 255
  48  42  43  84 231 253 255 255 255 255 255 255 255 255 255 254
  36  40  44  50  96 243 255 254 254 255 255 255 255 255 255 254
  39  42  44  65 142 182 246 254 254 253 254 254 254 254 254 253
  33  33  33  67 118  36  32  31  30  30  29  29  30  47  34  34
  31  32  33  41  32  31  30  30  30  30  30  31  31  31  31  31
  32  32  33  32  33  30  30  32  32  33  32  30  30  32  33  33
  33  34  33  34  33  32  32  34  28  79  40  34  27 123  76  34
  34  35  35  34  34  33  35  41 145 124  37  38 127 247 111  36
  37  36  35  36  37  39  65 196 127  38  63 113  83 128  35  41
  38  38  38  41  46  99 202  81  40  68 219 253 173  74  61  75
  37  40  41  56 182 195  56  45 113 241 254 254 254 254 239 251
  42  46 136 200 121  47  50 149 252 254 254 254 254 254 254 254
  79 180 174  75  48  90 199 251 253 254 255 255 255 255 255 255
 188  97  46  68 162 248 254 254 254 254 255 255 255 255 255 255
 149 137 135 246 254 254 254 254 255 255 255 255 255 255 255 255
  46  47  62 205 254 254 254 254 255 255 255 255 255 255 255 255
  46  43  45  88 232 254 255 255 255 255 255 255 255 255 255 254
  46  43  42  49  94 242 254 254 254 255 255 255 255 255 255 254
  46  46  45  54 140 179 245 254 254 254 254 254 254 254 254 254
  35  35  36  80 125  35  34  34  34  34  35  33  34  53  33  33
  36  35  40  59  35  34  32  32  32  35  36  35  35  37  35  35
  38  37  39  40  36  33  33  35  37  44  41  37  39  44  42  40
  38  39  38  38  34  33  36  39  51  94  52  40  23 124  80  41
  42  40  41  38  36  37  42  55 155 114  40  34 135 247 104  37
  40  41  39  39  39  47  69 196 122  49  64 119  97 126  26  48
  39  42  42  42  49 109 199  71  49  73 223 253 179  83  70  91
  42  49  54  72 186 187  57  53 119 242 253 253 254 253 240 250
  50  63 141 200 117  51  57 164 252 253 254 254 254 254 254 253
  87 185 172  66  52 101 204 252 253 254 255 255 255 255 255 255
 187  93  56  78 165 249 254 254 254 254 255 255 255 255 255 255
 152 154 140 249 253 254 254 254 255 255 255 255 255 255 255 255
  53  49  65 203 253 254 254 254 255 255 255 255 255 255 255 255
  48  51  51  86 230 254 255 255 255 255 255 255 255 255 255 254
  49  47  50  57  90 243 254 254 254 255 255 255 255 255 255 254
  51  50  47  63 156 187 245 254 253 253 253 254 254 254 254 253

  34  29  30  31  34  42  73 248 254 255 255 255 255 254 254 253
  31  30  30  72 110  33  59 234 253 255 255 255 255 255 255 254
  40  30  28 115 247 132  66 251 254 255 255 255 255 255 255 254
  29  22  27  24 122  89 168 252 254 255 255 255 255 255 255 254
  25  25  26  33  38 114 248 254 254 255 255 255 255 255 255 254
  22  24  27  43  36  57 214 253 254 255 255 255 255 255 255 254
  24  24  29  80 119  39  57 238 254 254 254 255 255 255 255 253
  29  25  31  36 144 122  39 110 253 253 254 255 255 255 254 254
  29  28  27  32  43 195  78  48 150 251 254 254 254 255 254 254
  32  28  28  31  33  60 200  63  45 186 254 254 254 255 255 246
  31  30  30  28  30  37 101 193  49  89 248 254 253 253 243 182
 112  35  30  29  30  37  47 174 120  46 158 253 254 231  96 142
  70  44  29  32  31  34  38  55 200  71  57 245 205  84  50  65
  30  29  31  29  30  34  38  41 122 175  46 110  54  43  44  44
  25  28  29  31  32  35  33  35  45 181  92 137  44  42  40  42
  30  27  30  30  33  35  35  37  43  67 187 152  46  48  36  39
  34  31  33  34  36  41  75 251 254 255 255 255 255 254 254 254
  34  31  33  76 111  35  61 239 254 255 255 255 255 255 255 254
  47  31  32 123 247 128  74 254 254 255 255 255 255 255 255 254
  30  31  30  27 127  83 173 254 254 255 255 255 255 255 255 254
  29  31  30  34  38 113 253 254 254 255 255 255 255 255 255 254
  29  30  32  40  37  63 219 254 254 255 255 255 255 255 255 254
  30  30  33  79 124  38  68 241 254 254 254 255 255 255 255 254
  30  30  32  28 145 127  40 113 252 253 254 255 255 255 254 254
  31  30  32  34  41 196  81  45 149 251 254 254 254 255 254 254
  32  30  30  32  35  65 202  56  50 199 254 254 254 255 254 245
  36  31  30  32  33  39  99 195  47  90 248 254 254 254 242 179
 118  32  33  33  34  37  46 182 121  48 162 254 254 232  94 140
  67  41  32  34  34  36  41  56 200  75  68 246 205  88  49  54
  33  33  33  33  35  35  38  41 136 174  46 135  62  45  42  45
  33  32  32  34  35  36  38  40  46 180  97 137  47  43  43  46
  33  31  32  33  34  37  38  37  42  79 188 149  46  46  46  46
  33  35  40  41  37  48  91 250 253 255 255 255 255 254 254 253
  33  35  42  80 104  26  70 240 254 255 255 255 255 255 255 254
  53  37  44 124 247 126  83 253 254 255 255 255 255 255 255 254
  34  35  39  23 135  97 179 254 254 255 255 255 255 255 255 254
  33  35  37  40  34 119 253 253 254 255 255 255 255 255 255 254
  35  36  41  52  40  64 223 253 254 255 255 255 255 255 255 253
  34  35  44  94 114  49  73 242 253 254 254 255 255 255 255 253
  34  32  37  51 155 122  49 119 252 253 254 255 255 255 254 253
  34  32  35  39  55 196  71  53 164 252 254 254 254 255 254 254
  34  32  33  36  42  69 199  57  57 204 254 254 254 255 254 245
  35  34  33  33  37  47 109 187  51 101 249 254 254 254 243 187
 125  35  36  34  36  39  49 186 117  52 165 253 253 230  90 156
  80  59  40  38  38  39  42  72 200  66  78 249 203  86  57  63
  36  40  39  38  41  39  42  54 141 172  56 140  65  51  50  47
  35  35  37  39  40  41  42  49  63 185  93 154  49  51  47  50
  35  36  38  38  42  40  39  42  50  87 187 152  53  48  49  51

 253 254 254 254 254 254 253 254 254 246 182 142  65  44  42  39
 254 255 255 255 255 255 255 254 254 255 243  96  50  44  40  36
 254 255 255 255 255 255 255 255 255 255 253 231  84  43  42  48
 255 255 255 255 255 255 255 255 254 254 253 254 205  54  44  46
 255 255 255 255 255 255 255 255 254 254 254 253 245 110 137 152
 255 255 255 255 255 255 254 254 254 254 248 158  57  46  92 187
 255 255 255 255 255 255 254 253 251 186  89  46  71 175 181  67
 254 253 254 254 254 254 254 253 150  45  49 120 200 122  45  43
 248 234 251 252 254 253 238 110  48  63 193 174  55  41  35  37
  73  59  66 168 248 214  57  39  78 200 101  47  38  38  33  35
  42  33 132  89 114  57  39 122 195  60  37  37  34  34  35  35
  34 110 247 122  38  36 119 144  43  33  30  30  31  30  32  33
  31  72 115  24  33  43  80  36  32  31  28  29  32  29  31  30
  30  30  28  27  26  27  29  31  27  28  30  30  29  31  29  30
  29  30  30  22  25  24  24  25  28  28  30  35  44  29  28  27
  34  31  40  29  25  22  24  29  29  32  31 112  70  30  25  30
 254 254 254 254 254 254 254 254 254 245 179 140  54  45  46  46
 254 255 255 255 255 255 255 254 254 254 242  94  49  42  43  46
 254 255 255 255 255 255 255 255 255 255 254 232  88  45  43  46
 255 255 255 255 255 255 255 255 254 254 254 254 205  62  47  46
 255 255 255 255 255 255 255 255 254 254 254 254 246 135 137 149
 255 255 255 255 255 255 254 254 254 254 248 162  68  46  97 188
 255 255 255 255 255 255 254 253 251 199  90  48  75 174 180  79
 254 254 254 254 254 254 254 252 149  50  47 121 200 136  46  42
 251 239 254 254 254 254 241 113  45  56 195 182  56  41  40  37
  75  61  74 173 253 219  68  40  81 202  99  46  41  38  38  38
  41  35 128  83 113  63  38 127 196  65  39  37  36  35  36  37
  36 111 247 127  38  37 124 145  41  35  33  34  34  35  35  34
  34  76 123  27  34  40  79  28  34  32  32  33  34  33  34  33
  33  33  32  30  30  32  33  32  32  30  30  33  32  33  32  32
  31  31  31  31  31  30  30  30  30  30  31  32  41  33  32  31
  34  34  47  30  29  29  30  30  31  32  36 118  67  33  33  33
 253 254 254 254 254 253 253 253 254 245 187 156  63  47  50  51
 254 255 255 255 255 255 255 254 254 254 243  90  57  50  47  49
 254 255 255 255 255 255 255 255 255 255 254 230  86  51  51  48
 255 255 255 255 255 255 255 255 254 254 254 253 203  65  49  53
 255 255 255 255 255 255 255 255 254 254 254 253 249 140 154 152
 255 255 255 255 255 255 254 254 254 254 249 165  78  56  93 187
 255 255 255 255 255 255 254 253 252 204 101  52  66 172 185  87
 253 254 254 254 254 254 253 252 164  57  51 117 200 141  63  50
 250 240 253 254 253 253 242 119  53  57 187 186  72  54  49  42
  91  70  83 179 253 223  73  49  71 199 109  49  42  42  42  39
  48  26 126  97 119  64  49 122 196  69  47  39  39  39  41  40
  37 104 247 135  34  40 114 155  55  42  37  36  38  41  40  42
  41  80 124  23  40  52  94  51  39  36  33  34  38  38  39  38
  40  42  44  39  37  41  44  37  35  33  33  36  40  39  37  38
  35  35  37  35  35  36  35  32  32  32  34  35  59  40  35  36
  33  33  53  34  33  35  34  34  34  34  35 125  80  36  35  35

