  77  71  71  76 166 138  76  70  68  66  65  65  66 141  91  65
  73  71  73 134  93  72  69  68  64  64  62  63  65  63  64  64
  71  70  72  76  71  68  67  67  63  63  62  62  62  63  62  63
  71  70  69  70  68  66  66  65  63  64  77  62  66  87  66  64
  71  70  68  69  67  66  64  65  76 143  73  64 120 245 130  66
  70  69  68  68  66  66  68 108 180  93  68  72 203 249 109  66
  69  68  68  67  68  72 133 203  96  68 129 180 110  90  74  71
  69  69  68  68  99 197 174  80  69 163 252 254 225 186 166 202
  66  67  80 151 223 134  76  87 200 254 254 255 255 254 254 254
  70 108 211 185  91  74 123 231 254 254 255 255 255 254 254 254
 163 199 104  75 104 188 247 254 254 254 255 255 255 255 255 255
 200  77 101 168 239 254 254 255 255 255 255 255 255 255 255 255
 152 159 171 253 254 254 255 255 255 255 255 255 255 255 255 255
  69  68  81 215 254 254 255 255 255 255 255 255 255 255 255 255
  67  63  64  91 236 254 255 255 255 255 255 255 255 255 255 254
  68  62  63  91 137 220 255 254 254 254 254 255 255 255 254 254
  75  72  72  75 171 129  76  70  67  66  65  64  64 137  88  63
  72  70  73 125  82  70  68  66  65  65  63  63  62  63  63  63
  72  70  73  74  70  67  67  66  64  64  62  61  61  63  62  62
  73  71  69  69  68  67  66  66  64  63  75  63  66  85  66  64
  70  71  69  68  67  66  65  65  76 144  76  66 123 245 119  66
  70  68  68  68  66  66  67 101 168  87  69  70 202 250 101  65
  70  68  68  67  67  71 132 193  87  69 124 180 109  87  69  70
  70  68  68  69  99 196 175  77  68 170 253 254 224 185 166 202
  69  69  78 152 220 137  74  86 195 254 254 255 255 254 254 254
  71 107 210 185  87  74 127 231 254 255 255 255 255 254 254 254
 156 199 100  74 101 188 247 254 254 255 255 255 255 255 255 255
 191  77 100 170 239 254 254 255 255 255 255 255 255 255 255 255
 152 158 169 254 254 254 255 255 255 255 255 255 255 255 255 255
  69  68  80 212 254 254 255 255 255 255 255 255 255 255 255 255
  67  65  65  91 233 254 255 255 255 255 255 255 255 255 254 254
  67  65  64  84 133 221 255 255 254 254 255 255 255 255 254 254
  77  73  73  74 165 131  74  71  69  67  67  65  66 135  92  67
  73  71  72 142  83  72  69  70  66  66  65  65  65  66  65  65
  73  70  72  70  70  69  66  67  65  64  62  63  64  65  62  63
  72  71  69  70  69  68  68  67  66  69  77  64  69  90  74  66
  71  71  68  69  67  67  67  68  77 139  69  66 114 247 128  65
  72  70  68  68  66  67  70 103 159  92  70  73 205 248 113  66
  70  69  70  69  71  71 132 193  91  68 124 180 117  89  73  72
  71  71  70  73 100 202 185  79  67 157 253 254 226 182 162 199
  70  69  78 146 221 147  79  80 185 252 254 255 255 254 254 254
  70 105 209 187 100  78 118 222 253 254 255 255 255 254 254 254
 163 203 101  73  99 180 248 253 254 254 255 255 255 255 255 255
 194  80  99 163 238 254 254 254 255 255 255 255 255 255 255 255
 151 157 164 254 253 254 255 255 255 255 255 255 255 255 255 255
  69  67  74 209 254 254 255 255 255 255 255 255 255 255 255 255
  68  66  66  79 230 253 255 255 255 255 255 255 255 255 255 254
  72  66  64  83 128 222 255 255 254 254 255 255 255 255 254 254

  65  64  63  64  66  66  71 202 254 254 255 255 255 255 254 254
  91  64  62  66 130 109  74 166 254 254 255 255 255 255 255 254
 141  63  63  87 245 249  90 186 254 254 255 255 255 255 255 255
  66  65  62  66 120 203 110 225 255 255 255 255 255 255 255 255
  65  63  62  62  64  72 180 254 255 255 255 255 255 255 255 255
  65  62  62  77  73  68 129 252 254 255 255 255 255 255 255 254
  66  64  63  64 143  93  68 163 254 254 254 255 255 255 255 254
  68  64  63  63  76 180  96  69 200 254 254 255 255 255 255 254
  70  68  67  65  65 108 203  80  87 231 254 255 255 255 255 254
  76  69  67  66  64  68 133 174  76 123 247 254 255 255 255 255
 138  72  68  66  66  66  72 197 134  74 188 254 254 254 254 220
 166  93  71  68  67  66  68  99 223  91 104 239 254 254 236 137
  76 134  76  70  69  68  67  68 151 185  75 168 253 215  91  91
  71  73  72  69  68  68  68  68  80 211 104 101 171  81  64  63
  71  71  70  70  70  69  68  69  67 108 199  77 159  68  63  62
  77  73  71  71  71  70  69  69  66  70 163 200 152  69  67  68
  63  63  62  64  66  65  70 202 254 254 255 255 255 255 254 254
  88  63  62  66 119 101  69 166 254 254 255 255 255 255 254 254
 137  63  63  85 245 250  87 185 254 254 255 255 255 255 255 255
  64  62  61  66 123 202 109 224 255 255 255 255 255 255 255 255
  64  63  61  63  66  70 180 254 255 255 255 255 255 255 255 255
  65  63  62  75  76  69 124 253 254 255 255 255 255 255 255 255
  66  65  64  63 144  87  69 170 254 255 255 255 255 255 255 254
  67  65  64  64  76 168  87  68 195 254 254 255 255 255 255 254
  70  66  66  66  65 101 193  77  86 231 254 255 255 255 255 255
  76  68  67  66  65  67 132 175  74 127 247 254 255 255 255 255
 129  70  67  67  66  66  71 196 137  74 188 254 254 254 254 221
 171  82  70  68  67  66  67  99 220  87 101 239 254 254 233 133
  75 125  74  69  68  68  67  69 152 185  74 170 254 212  91  84
  72  73  73  69  69  68  68  68  78 210 100 100 169  80  65  64
  72  70  70  71  71  68  68  68  69 107 199  77 158  68  65  65
  75  72  72  73  70  70  70  70  69  71 156 191 152  69  67  67
  67  65  63  66  65  66  72 199 254 254 255 255 255 255 254 254
  92  65  62  74 128 113  73 162 254 254 255 255 255 255 255 254
 135  66  65  90 247 248  89 182 254 254 255 255 255 255 255 255
  66  65  64  69 114 205 117 226 255 255 255 255 255 255 255 255
  65  65  63  64  66  73 180 254 255 255 255 255 255 255 255 255
  67  65  62  77  69  70 124 253 254 255 255 255 255 255 255 255
  67  66  64  69 139  92  68 157 252 254 254 255 255 255 255 254
  69  66  65  66  77 159  91  67 185 253 254 255 255 255 255 254
  71  70  67  67  68 103 193  79  80 222 253 254 255 255 255 255
  74  69  66  68  67  70 132 185  79 118 248 254 255 255 255 255
 131  72  69  68  67  67  71 202 147  78 180 254 254 254 253 222
 165  83  70  69  67  66  71 100 221 100  99 238 253 254 230 128
  74 142  70  70  69  68  69  73 146 187  73 163 254 209  79  83
  73  72  72  69  68  68  70  70  78 209 101  99 164  74  66  64
  73  71  70  71  71  70  69  71  69 105 203  80 157  67  66  66
  77  73  73  72  71  72  70  71  70  70 163 194 151  69  68  72

 254 254 255 255 255 254 254 254 254 255 220 137  91  63  62  68
 254 255 255 255 255 255 255 255 255 255 254 236  91  64  63  67
 255 255 255 255 255 255 255 255 255 255 254 254 215  81  68  69
 255 255 255 255 255 255 255 255 255 255 254 254 253 171 159 152
 255 255 255 255 255 255 255 255 255 254 254 239 168 101  77 200
 255 255 255 255 255 255 254 254 254 247 188 104  75 104 199 163
 254 254 254 255 255 255 254 254 231 123  74  91 185 211 108  70
 254 254 254 255 255 254 254 200  87  76 134 223 151  80  67  66
 202 166 186 225 254 252 163  69  80 174 197  99  68  68  69  69
  71  74  90 110 180 129  68  96 203 133  72  68  67  68  68  69
  66 109 249 203  72  68  93 180 108  68  66  66  68  68  69  70
  66 130 245 120  64  73 143  76  65  64  66  67  69  68  70  71
  64  66  87  66  62  77  64  63  65  66  66  68  70  69  70  71
  63  62  63  62  62  62  63  63  67  67  68  71  76  72  70  71
  64  64  63  65  63  62  64  64  68  69  72  93 134  73  71  73
  65  91 141  66  65  65  66  68  70  76 138 166  76  71  71  77
 254 254 255 255 255 255 254 254 255 255 221 133  84  64  65  67
 254 254 255 255 255 255 255 255 255 255 254 233  91  65  65  67
 255 255 255 255 255 255 255 255 255 255 254 254 212  80  68  69
 255 255 255 255 255 255 255 255 255 255 254 254 254 169 158 152
 255 255 255 255 255 255 255 255 255 254 254 239 170 100  77 191
 255 255 255 255 255 255 255 254 254 247 188 101  74 100 199 156
 254 254 254 255 255 255 255 254 231 127  74  87 185 210 107  71
 254 254 254 255 255 254 254 195  86  74 137 220 152  78  69  69
 202 166 185 224 254 253 170  68  77 175 196  99  69  68  68  70
  70  69  87 109 180 124  69  87 193 132  71  67  67  68  68  70
  65 101 250 202  70  69  87 168 101  67  66  66  68  68  68  70
  66 119 245 123  66  76 144  76  65  65  66  67  68  69  71  70
  64  66  85  66  63  75  63  64  66  66  67  68  69  69  71  73
  62  62  63  61  61  62  64  64  66  67  67  70  74  73  70  72
  63  63  63  62  63  63  65  65  66  68  70  82 125  73  70  72
  63  88 137  64  64  65  66  67  70  76 129 171  75  72  72  75
 254 254 255 255 255 255 254 254 255 255 222 128  83  64  66  72
 254 255 255 255 255 255 255 255 255 255 253 230  79  66  66  68
 255 255 255 255 255 255 255 255 255 255 254 254 209  74  67  69
 255 255 255 255 255 255 255 255 255 255 254 253 254 164 157 151
 255 255 255 255 255 255 255 255 254 254 254 238 163  99  80 194
 255 255 255 255 255 255 254 254 253 248 180  99  73 101 203 163
 254 254 254 255 255 255 254 253 222 118  78 100 187 209 105  70
 254 254 254 255 255 254 252 185  80  79 147 221 146  78  69  70
 199 162 182 226 254 253 157  67  79 185 202 100  73  70  71  71
  72  73  89 117 180 124  68  91 193 132  71  71  69  70  69  70
  66 113 248 205  73  70  92 159 103  70  67  66  68  68  70  72
  65 128 247 114  66  69 139  77  68  67  67  67  69  68  71  71
  66  74  90  69  64  77  69  66  67  68  68  69  70  69  71  72
  63  62  65  64  63  62  64  65  67  66  69  70  70  72  70  73
  65  65  66  65  65  65  66  66  70  69  72  83 142  72  71  73
  67  92 135  66  65  67  67  69  71  74 131 165  74  73  73  77

  68  67  69 152 200 163  70  66  69  69  70  71  71  71  73  77
  62  63  68 159  77 199 108  67  69  68  69  70  70  70  71  71
  63  64  81 171 101 104 211  80  68  68  68  68  69  72  73  71
  91  91 215 253 168  75 185 151  68  67  68  69  70  76 134  76
 137 236 254 254 239 104  91 223  99  68  66  67  68  71  93 166
 220 254 254 254 254 188  74 134 197  72  66  66  66  68  72 138
 255 255 255 255 254 247 123  76 174 133  68  64  66  67  69  76
 254 255 255 255 255 254 231  87  80 203 108  65  65  67  68  70
 254 255 255 255 255 254 254 200  69  96 180  76  63  63  64  68
 254 255 255 255 255 254 254 254 163  68  93 143  64  63  64  66
 254 255 255 255 255 255 255 254 252 129  68  73  77  62  62  65
 255 255 255 255 255 255 255 255 254 180  72  64  62  62  63  65
 255 255 255 255 255 255 255 255 225 110 203 120  66  62  65  66
 255 255 255 255 255 255 254 254 186  90 249 245  87  63  63 141
 254 255 255 255 255 255 254 254 166  74 109 130  66  62  64  91
 254 254 255 255 255 255 254 254 202  71  66  66  64  63  64  65
  67  67  69 152 191 156  71  69  70  70  70  70  73  72  72  75
  65  65  68 158  77 199 107  69  68  68  68  71  71  70  70  72
  64  65  80 169 100 100 210  78  68  68  68  69  69  73  73  72
  84  91 212 254 170  74 185 152  69  67  68  68  69  74 125  75
 133 233 254 254 239 101  87 220  99  67  66  67  68  70  82 171
 221 254 254 254 254 188  74 137 196  71  66  66  67  67  70 129
 255 255 255 255 254 247 127  74 175 132  67  65  66  67  68  76
 255 255 255 255 255 254 231  86  77 193 101  65  66  66  66  70
 254 255 255 255 255 254 254 195  68  87 168  76  64  64  65  67
 254 255 255 255 255 255 255 254 170  69  87 144  63  64  65  66
 255 255 255 255 255 255 255 254 253 124  69  76  75  62  63  65
 255 255 255 255 255 255 255 255 254 180  70  66  63  61  63  64
 255 255 255 255 255 255 255 255 224 109 202 123  66  61  62  64
 255 255 255 255 255 255 254 254 185  87 250 245  85  63  63 137
 254 254 255 255 255 255 254 254 166  69 101 119  66  62  63  88
 254 254 255 255 255 255 254 254 202  70  65  66  64  62  63  63
  72  68  69 151 194 163  70  70  71  70  72  71  72  73  73  77
  66  66  67 157  80 203 105  69  71  69  70  71  71  70  71  73
  64  66  74 164  99 101 209  78  70  70  68  68  69  72  72  73
  83  79 209 254 163  73 187 146  73  69  68  69  70  70 142  74
 128 230 254 253 238  99 100 221 100  71  66  67  69  70  83 165
 222 253 254 254 254 180  78 147 202  71  67  67  68  69  72 131
 255 255 255 255 254 248 118  79 185 132  70  67  68  66  69  74
 255 255 255 255 254 253 222  80  79 193 103  68  67  67  70  71
 254 255 255 255 255 254 253 185  67  91 159  77  66  65  66  69
 254 255 255 255 255 254 254 252 157  68  92 139  69  64  66  67
 255 255 255 255 255 255 255 254 253 124  70  69  77  62  65  67
 255 255 255 255 255 255 255 255 254 180  73  66  64  63  65  65
 255 255 255 255 255 255 255 255 226 117 205 114  69  64  65  66
 255 255 255 255 255 255 254 254 182  89 248 247  90  65  66 135
 254 255 255 255 255 255 254 254 162  73 113 128  74  62  65  92
 254 254 255 255 255 255 254 254 199  72  66  65  66  63  65  67

