  98  95 133 222 250 247 244 239 213 145  85  84 159  26  25  21
 183  64  55  90 232 247 227 140  52  38  64 132 132  27  22  22
 251  79  47  47 149 193  77  39  37 138 157 107  34  25  22  24
 151  54  45  45  56  47  36  35  35  41  33  27  26  23  23  24
  54  46  44  43  42  40  37  33  32  31  30  27  25  23  24  24
  48  46  42  42  40  36  36  32  31  45  28  27  26  26  25  82
  48  45  43  41  40  35  35  33  40  67  28  28  27  30  84 202
  90  43  42  39  40  36  35  36  97  53  30  30  37 123 207  99
  59  42  41  40  38  38  42 126 203 129  65  86 182 184  92 104
  62  52  41  41  41  78 185 230 231 229 219 193 112 131 201 215
 127  51  43  65 144 210 239 237 231 229 215  66  34 165 146 191
 151  52 101 209 105  74 181 231 229 225 125  34  71 173 212 212
 106  92 231 173 125  70  53 105 160 113  33  30 144 219 217 214
  58 206 248 244 236 232 198  80  34  30  27  26 164 219 218 215
  79 248 249 244 240 240 232  65  29  27  26  25  79 218 217 215
 113 215 224 246 243 236 150  34  27  27  26  24  28  98 193 215
  92  92 126 214 241 238 234 232 210 145  85  84 155  26  25  23
 178  60  51  83 227 238 223 136  49  37  61 131 133  25  23  23
 245  76  49  48 146 190  73  36  45 137 152 102  31  25  23  25
 143  49  44  45  53  43  36  34  34  39  31  27  25  24  24  25
  49  46  44  42  40  38  36  34  33  31  29  27  27  24  25  25
  48  44  42  41  40  37  35  33  31  41  29  28  26  25  27  82
  47  44  42  41  39  37  34  32  39  68  30  28  26  29  84 200
  97  43  41  39  38  37  35  34  94  52  30  31  38 123 207  95
  57  42  40  40  39  38  41 124 198 127  67  84 182 183  84 101
  63  54  40  40  41  75 185 226 227 225 219 189 105 125 200 213
 128  50  41  65 144 210 231 230 226 225 212  59  34 164 146 189
 149  47  99 206  99  70 172 226 226 224 120  31  72 172 212 211
  99  89 228 168 122  68  47  98 150 105  31  30 144 218 216 212
  55 203 239 234 230 228 195  81  31  28  26  28 164 218 216 213
  77 241 238 235 232 230 224  64  29  27  26  26  77 217 215 213
 111 211 215 236 233 230 142  33  28  27  26  24  25  90 187 215
 100  95 130 217 242 239 236 233 213 146  85  84 157  27  26  25
 175  60  53  88 231 239 225 141  50  35  57 123 138  28  26  27
 248  79  49  48 147 194  76  39  47 139 155 107  32  27  24  26
 144  54  47  46  51  46  38  34  35  40  35  30  27  25  23  28
  52  49  45  48  44  40  37  34  33  33  34  30  27  28  25  26
  49  47  45  45  42  39  35  34  35  39  32  31  27  26  26  81
  50  46  43  42  38  37  35  36  38  68  33  31  29  31  83 202
  99  45  42  43  40  39  37  37  94  50  31  33  37 119 208  98
  60  47  42  41  42  42  41 122 198 122  59  79 181 186  87  99
  63  63  43  41  40  72 181 228 228 227 220 191 107 126 200 213
 128  56  43  64 140 210 235 231 229 225 216  60  38 165 145 191
 152  51  99 206  98  72 177 228 227 224 124  30  65 171 213 212
 104  86 230 165 118  63  46 100 152 107  33  33 143 219 218 213
  56 202 238 236 231 228 193  78  35  31  28  31 162 219 217 214
  82 243 240 236 234 231 227  68  31  29  27  27  79 217 216 214
 112 214 218 237 234 231 147  33  29  27  26  25  25  93 191 214

  21  22  24  24  24  82 202  99 104 215 191 212 214 215 215 215
  25  22  22  23  24  25  84 207  92 201 146 212 217 218 217 193
  26  27  25  23  23  26  30 123 184 131 165 173 219 219 218  98
 159 132  34  26  25  26  27  37 182 112  34  71 144 164  79  28
  84 132 107  27  27  27  28  30  86 193  66  34  30  26  25  24
  85  64 157  33  30  28  28  30  65 219 215 125  33  27  26  26
 145  38 138  41  31  45  67  53 129 229 229 225 113  30  27  27
 213  52  37  35  32  31  40  97 203 231 231 229 160  34  29  27
 239 140  39  35  33  32  33  36 126 230 237 231 105  80  65  34
 244 227  77  36  37  36  35  35  42 185 239 181  53 198 232 150
 247 247 193  47  40  36  35  36  38  78 210  74  70 232 240 236
 250 232 149  56  42  40  40  40  38  41 144 105 125 236 240 243
 222  90  47  45  43  42  41  39  40  41  65 209 173 244 244 246
 133  55  47  45  44  42  43  42  41  41  43 101 231 248 249 224
  95  64  79  54  46  46  45  43  42  52  51  52  92 206 248 215
  98 183 251 151  54  48  48  90  59  62 127 151 106  58  79 113
  23  23  25  25  25  82 200  95 101 213 189 211 212 213 213 215
  25  23  23  24  25  27  84 207  84 200 146 212 216 216 215 187
  26  25  25  24  24  25  29 123 183 125 164 172 218 218 217  90
 155 133  31  25  27  26  26  38 182 105  34  72 144 164  77  25
  84 131 102  27  27  28  28  31  84 189  59  31  30  28  26  24
  85  61 152  31  29  29  30  30  67 219 212 120  31  26  26  26
 145  37 137  39  31  41  68  52 127 225 225 224 105  28  27  27
 210  49  45  34  33  31  39  94 198 227 226 226 150  31  29  28
 232 136  36  34  34  33  32  34 124 226 230 226  98  81  64  33
 234 223  73  36  36  35  34  35  41 185 231 172  47 195 224 142
 238 238 190  43  38  37  37  37  38  75 210  70  68 228 230 230
 241 227 146  53  40  40  39  38  39  41 144  99 122 230 232 233
 214  83  48  45  42  41  41  39  40  40  65 206 168 234 235 236
 126  51  49  44  44  42  42  41  40  40  41  99 228 239 238 215
  92  60  76  49  46  44  44  43  42  54  50  47  89 203 241 211
  92 178 245 143  49  48  47  97  57  63 128 149  99  55  77 111
  25  27  26  28  26  81 202  98  99 213 191 212 213 214 214 214
  26  26  24  23  25  26  83 208  87 200 145 213 218 217 216 191
  27  28  27  25  28  26  31 119 186 126 165 171 219 219 217  93
 157 138  32  27  27  27  29  37 181 107  38  65 143 162  79  25
  84 123 107  30  30  31  31  33  79 191  60  30  33  31  27  25
  85  57 155  35  34  32  33  31  59 220 216 124  33  28  27  26
 146  35 139  40  33  39  68  50 122 227 225 224 107  31  29  27
 213  50  47  35  33  35  38  94 198 228 229 227 152  35  31  29
 233 141  39  34  34  34  36  37 122 228 231 228 100  78  68  33
 236 225  76  38  37  35  35  37  41 181 235 177  46 193 227 147
 239 239 194  46  40  39  37  39  42  72 210  72  63 228 231 231
 242 231 147  51  44  42  38  40  42  40 140  98 118 231 234 234
 217  88  48  46  48  45  42  43  41  41  64 206 165 236 236 237
 130  53  49  47  45  45  43  42  42  43  43  99 230 238 240 218
  95  60  79  54  49  47  46  45  47  63  56  51  86 202 243 214
 100 175 248 144  52  49  50  99  60  63 128 152 104  56  82 112

 215 193  98  28  24  26  27  27  34 150 236 243 246 224 215 113
 215 217 218  79  25  26  27  29  65 232 240 240 244 249 248  79
 215 218 219 164  26  27  30  34  80 198 232 236 244 248 206  58
 214 217 219 144  30  33 113 160 105  53  70 125 173 231  92 106
 212 212 173  71  34 125 225 229 231 181  74 105 209 101  52 151
 191 146 165  34  66 215 229 231 237 239 210 144  65  43  51 127
 215 201 131 112 193 219 229 231 230 185  78  41  41  41  52  62
 104  92 184 182  86  65 129 203 126  42  38  38  40  41  42  59
  99 207 123  37  30  30  53  97  36  35  36  40  39  42  43  90
 202  84  30  27  28  28  67  40  33  35  35  40  41  43  45  48
  82  25  26  26  27  28  45  31  32  36  36  40  42  42  46  48
  24  24  23  25  27  30  31  32  33  37  40  42  43  44  46  54
  24  23  23  26  27  33  41  35  35  36  47  56  45  45  54 151
  24  22  25  34 107 157 138  37  39  77 193 149  47  47  79 251
  22  22  27 132 132  64  38  52 140 227 247 232  90  55  64 183
  21  25  26 159  84  85 145 213 239 244 247 250 222 133  95  98
 215 187  90  25  24  26  27  28  33 142 230 233 236 215 211 111
 213 215 217  77  26  26  27  29  64 224 230 232 235 238 241  77
 213 216 218 164  28  26  28  31  81 195 228 230 234 239 203  55
 212 216 218 144  30  31 105 150  98  47  68 122 168 228  89  99
 211 212 172  72  31 120 224 226 226 172  70  99 206  99  47 149
 189 146 164  34  59 212 225 226 230 231 210 144  65  41  50 128
 213 200 125 105 189 219 225 227 226 185  75  41  40  40  54  63
 101  84 183 182  84  67 127 198 124  41  38  39  40  40  42  57
  95 207 123  38  31  30  52  94  34  35  37  38  39  41  43  97
 200  84  29  26  28  30  68  39  32  34  37  39  41  42  44  47
  82  27  25  26  28  29  41  31  33  35  37  40  41  42  44  48
  25  25  24  27  27  29  31  33  34  36  38  40  42  44  46  49
  25  24  24  25  27  31  39  34  34  36  43  53  45  44  49 143
  25  23  25  31 102 152 137  45  36  73 190 146  48  49  76 245
  23  23  25 133 131  61  37  49 136 223 238 227  83  51  60 178
  23  25  26 155  84  85 145 210 232 234 238 241 214 126  92  92
 214 191  93  25  25  26  27  29  33 147 231 234 237 218 214 112
 214 216 217  79  27  27  29  31  68 227 231 234 236 240 243  82
 214 217 219 162  31  28  31  35  78 193 228 231 236 238 202  56
 213 218 219 143  33  33 107 152 100  46  63 118 165 230  86 104
 212 213 171  65  30 124 224 227 228 177  72  98 206  99  51 152
 191 145 165  38  60 216 225 229 231 235 210 140  64  43  56 128
 213 200 126 107 191 220 227 228 228 181  72  40  41  43  63  63
  99  87 186 181  79  59 122 198 122  41  42  42  41  42  47  60
  98 208 119  37  33  31  50  94  37  37  39  40  43  42  45  99
 202  83  31  29  31  33  68  38  36  35  37  38  42  43  46  50
  81  26  26  27  31  32  39  35  34  35  39  42  45  45  47  49
  26  25  28  27  30  34  33  33  34  37  40  44  48  45  49  52
  28  23  25  27  30  35  40  35  34  38  46  51  46  47  54 144
  26  24  27  32 107 155 139  47  39  76 194 147  48  49  79 248
  27  26  28 138 123  57  35  50 141 225 239 231  88  53  60 175
  25  26  27 157  84  85 146 213 233 236 239 242 217 130  95 100

 113  79  58 106 151 127  62  59  90  48  48  54 151 251 183  98
 215 248 206  92  52  51  52  42  43  45  46  46  54  79  64  95
 224 249 248 231 101  43  41  41  42  43  42  44  45  47  55 133
 246 244 244 173 209  65  41  40  39  41  42  43  45  47  90 222
 243 240 236 125 105 144  41  38  40  40  40  42  56 149 232 250
 236 240 232  70  74 210  78  38  36  35  36  40  47 193 247 247
 150 232 198  53 181 239 185  42  35  35  36  37  36  77 227 244
  34  65  80 105 231 237 230 126  36  33  32  33  35  39 140 239
  27  29  34 160 229 231 231 203  97  40  31  32  35  37  52 213
  27  27  30 113 225 229 229 129  53  67  45  31  41 138  38 145
  26  26  27  33 125 215 219  65  30  28  28  30  33 157  64  85
  24  25  26  30  34  66 193  86  30  28  27  27  27 107 132  84
  28  79 164 144  71  34 112 182  37  27  26  25  26  34 132 159
  98 218 219 219 173 165 131 184 123  30  26  23  23  25  27  26
 193 217 218 217 212 146 201  92 207  84  25  24  23  22  22  25
 215 215 215 214 212 191 215 104  99 202  82  24  24  24  22  21
 111  77  55  99 149 128  63  57  97  47  48  49 143 245 178  92
 211 241 203  89  47  50  54  42  43  44  44  46  49  76  60  92
 215 238 239 228  99  41  40  40  41  42  42  44  44  49  51 126
 236 235 234 168 206  65  40  40  39  41  41  42  45  48  83 214
 233 232 230 122  99 144  41  39  38  39  40  40  53 146 227 241
 230 230 228  68  70 210  75  38  37  37  37  38  43 190 238 238
 142 224 195  47 172 231 185  41  35  34  35  36  36  73 223 234
  33  64  81  98 226 230 226 124  34  32  33  34  34  36 136 232
  28  29  31 150 226 226 227 198  94  39  31  33  34  45  49 210
  27  27  28 105 224 225 225 127  52  68  41  31  39 137  37 145
  26  26  26  31 120 212 219  67  30  30  29  29  31 152  61  85
  24  26  28  30  31  59 189  84  31  28  28  27  27 102 131  84
  25  77 164 144  72  34 105 182  38  26  26  27  25  31 133 155
  90 217 218 218 172 164 125 183 123  29  25  24  24  25  25  26
 187 215 216 216 212 146 200  84 207  84  27  25  24  23  23  25
 215 213 213 212 211 189 213 101  95 200  82  25  25  25  23  23
 112  82  56 104 152 128  63  60  99  50  49  52 144 248 175 100
 214 243 202  86  51  56  63  47  45  46  47  49  54  79  60  95
 218 240 238 230  99  43  43  42  42  43  45  45  47  49  53 130
 237 236 236 165 206  64  41  41  43  42  45  48  46  48  88 217
 234 234 231 118  98 140  40  42  40  38  42  44  51 147 231 242
 231 231 228  63  72 210  72  42  39  37  39  40  46 194 239 239
 147 227 193  46 177 235 181  41  37  35  35  37  38  76 225 236
  33  68  78 100 228 231 228 122  37  36  34  34  34  39 141 233
  29  31  35 152 227 229 228 198  94  38  35  33  35  47  50 213
  27  29  31 107 224 225 227 122  50  68  39  33  40 139  35 146
  26  27  28  33 124 216 220  59  31  33  32  34  35 155  57  85
  25  27  31  33  30  60 191  79  33  31  31  30  30 107 123  84
  25  79 162 143  65  38 107 181  37  29  27  27  27  32 138 157
  93 217 219 219 171 165 126 186 119  31  26  28  25  27  28  27
 191 216 217 218 213 145 200  87 208  83  26  25  23  24  26  26
 214 214 214 213 212 191 213  99  98 202  81  26  28  26  27  25

