  39  43 130 222 159  37 113 215 213 212 210 206 205 202 200 195
  40  42 153 219 115  40 169 215 214 212 210 208 205 204 200 198
  42  68 212 199  56  77 212 216 213 211 210 208 205 204 201 197
  98 200 224 109  42 171 218 215 213 212 210 208 205 203 201 197
 226 226 145  45 116 217 218 216 214 212 208 208 205 203 199 197
 220 135  47  88 210 220 218 216 213 211 209 206 204 202 198 196
  65  49  94 209 221 220 219 217 214 212 210 208 205 203 200 197
  59 145 223 224 222 220 219 217 215 213 210 207 205 204 202 198
 198 227 226 223 220 220 219 217 214 211 209 206 205 202 201 198
 228 227 225 223 221 219 218 216 214 212 209 208 206 204 191 135
 229 226 225 224 222 219 218 216 213 211 210 208 206 205 200  70
 230 226 226 224 222 220 218 215 213 211 210 208 205 204 196  51
 229 227 226 224 221 219 218 215 213 212 211 210 207 205 142  31
 229 227 226 223 221 219 217 214 211 211 209 209 208 167  40 119
 232 227 224 223 220 218 216 213 211 209 183 157 123  36  74 197
 230 227 225 222 220 219 216 213 211 209 163  27  25  26 177 198
  41  41 127 220 158  42 112 214 213 212 209 207 205 202 200 197
  38  41 150 220 114  39 170 215 214 212 209 207 206 204 201 199
  43  72 211 199  53  77 212 215 213 211 210 208 205 204 201 199
  93 201 223 107  44 169 216 215 213 212 210 208 206 203 201 199
 225 224 141  42 115 217 217 216 213 212 209 208 206 203 201 198
 219 133  44  87 210 220 217 216 213 210 209 207 206 203 200 198
  60  46  92 208 221 220 218 216 214 211 209 207 206 203 201 198
  60 144 222 223 222 220 219 216 215 213 210 207 206 203 202 199
 198 225 224 222 220 219 217 216 214 211 208 206 204 203 201 199
 226 226 224 223 221 219 217 215 214 211 209 207 205 204 191 132
 227 226 224 223 221 219 217 216 213 211 208 207 206 204 200  70
 228 226 224 223 221 219 217 215 213 211 210 209 206 205 194  54
 228 226 224 223 221 218 216 214 212 212 211 209 207 204 139  33
 227 225 223 223 221 218 216 213 212 210 209 208 207 167  39 122
 228 225 223 222 220 217 216 213 211 208 175 152 117  35  75 198
 227 226 223 221 219 218 215 213 211 208 163  27  21  29 178 198
  41  45 133 220 161  43 116 215 215 214 212 209 207 206 205 200
  45  44 157 221 117  41 176 217 215 214 211 210 209 206 205 202
  43  70 210 205  61  82 215 217 215 213 212 211 209 207 204 202
  97 201 224 114  44 172 219 219 215 213 212 209 208 206 204 201
 227 225 144  47 120 219 220 218 215 214 210 210 208 206 203 200
 220 137  46  89 211 222 220 218 215 212 212 210 207 205 203 202
  62  50  95 211 224 221 220 218 216 214 212 210 207 206 203 202
  56 143 223 224 224 223 219 218 217 216 212 210 208 206 205 201
 196 228 226 224 221 221 220 218 216 214 211 208 208 206 203 202
 227 229 227 224 223 221 219 218 215 214 212 209 209 209 193 139
 230 227 226 226 224 222 220 219 215 213 212 210 209 208 204  76
 229 228 226 225 222 221 219 216 214 214 212 211 210 208 204  57
 229 227 226 225 222 221 218 216 215 214 212 212 211 210 151  37
 229 227 226 224 222 220 218 216 214 214 211 209 210 172  44 123
 232 229 226 224 222 220 218 214 211 212 182 155 122  40  83 201
 232 230 228 225 222 221 218 215 213 213 168  30  28  32 179 202

 195 198 197 197 197 196 197 198 198 135  70  51  31 119 197 198
 200 200 201 201 199 198 200 202 201 191 200 196 142  40  74 177
 202 204 204 203 203 202 203 204 202 204 205 204 205 167  36  26
 205 205 205 205 205 204 205 205 205 206 206 205 207 208 123  25
 206 208 208 208 208 206 208 207 206 208 208 208 210 209 157  27
 210 210 210 210 208 209 210 210 209 209 210 210 211 209 183 163
 212 212 211 212 212 211 212 213 211 212 211 211 212 211 209 209
 213 214 213 213 214 213 214 215 214 214 213 213 213 211 211 211
 215 215 216 215 216 216 217 217 217 216 216 215 215 214 213 213
 113 169 212 218 218 218 219 219 219 218 218 218 218 217 216 216
  37  40  77 171 217 220 220 220 220 219 219 220 219 219 218 219
 159 115  56  42 116 210 221 222 220 221 222 222 221 221 220 220
 222 219 199 109  45  88 209 224 223 223 224 224 224 223 223 222
 130 153 212 224 145  47  94 223 226 225 225 226 226 226 224 225
  43  42  68 200 226 135  49 145 227 227 226 226 227 227 227 227
  39  40  42  98 226 220  65  59 198 228 229 230 229 229 232 230
 197 199 199 199 198 198 198 199 199 132  70  54  33 122 198 198
 200 201 201 201 201 200 201 202 201 191 200 194 139  39  75 178
 202 204 204 203 203 203 203 203 203 204 204 205 204 167  35  29
 205 206 205 206 206 206 206 206 204 205 206 206 207 207 117  21
 207 207 208 208 208 207 207 207 206 207 207 209 209 208 152  27
 209 209 210 210 209 209 209 210 208 209 208 210 211 209 175 163
 212 212 211 212 212 210 211 213 211 211 211 211 212 210 208 208
 213 214 213 213 213 213 214 215 214 214 213 213 212 212 211 211
 214 215 215 215 216 216 216 216 216 215 216 215 214 213 213 213
 112 170 212 216 217 217 218 219 217 217 217 217 216 216 216 215
  42  39  77 169 217 220 220 220 219 219 219 219 218 218 217 218
 158 114  53  44 115 210 221 222 220 221 221 221 221 221 220 219
 220 220 199 107  42  87 208 223 222 223 223 223 223 223 222 221
 127 150 211 223 141  44  92 222 224 224 224 224 224 223 223 223
  41  41  72 201 224 133  46 144 225 226 226 226 226 225 225 226
  41  38  43  93 225 219  60  60 198 226 227 228 228 227 228 227
 200 202 202 201 200 202 202 201 202 139  76  57  37 123 201 202
 205 205 204 204 203 203 203 205 203 193 204 204 151  44  83 179
 206 206 207 206 206 205 206 206 206 209 208 208 210 172  40  32
 207 209 209 208 208 207 207 208 208 209 209 210 211 210 122  28
 209 210 211 209 210 210 210 210 208 209 210 211 212 209 155  30
 212 211 212 212 210 212 212 212 211 212 212 212 212 211 182 168
 214 214 213 213 214 212 214 216 214 214 213 214 214 214 212 213
 215 215 215 215 215 215 216 217 216 215 215 214 215 214 211 213
 215 217 217 219 218 218 218 218 218 218 219 216 216 216 214 215
 116 176 215 219 220 220 220 219 220 219 220 219 218 218 218 218
  43  41  82 172 219 222 221 223 221 221 222 221 221 220 220 221
 161 117  61  44 120 211 224 224 221 223 224 222 222 222 222 222
 220 221 205 114  47  89 211 224 224 224 226 225 225 224 224 225
 133 157 210 224 144  46  95 223 226 227 226 226 226 226 226 228
  45  44  70 201 225 137  50 143 228 229 227 228 227 227 229 230
  41  45  43  97 227 220  62  56 196 227 230 229 229 229 232 232

 198 177  26  25  27 163 209 211 213 216 219 220 222 225 227 230
 197  74  36 123 157 183 209 211 213 216 218 220 223 224 227 232
 119  40 167 208 209 209 211 211 214 217 219 221 223 226 227 229
  31 142 205 207 210 211 212 213 215 218 219 221 224 226 227 229
  51 196 204 205 208 210 211 213 215 218 220 222 224 226 226 230
  70 200 205 206 208 210 211 213 216 218 219 222 224 225 226 229
 135 191 204 206 208 209 212 214 216 218 219 221 223 225 227 228
 198 201 202 205 206 209 211 214 217 219 220 220 223 226 227 198
 198 202 204 205 207 210 213 215 217 219 220 222 224 223 145  59
 197 200 203 205 208 210 212 214 217 219 220 221 209  94  49  65
 196 198 202 204 206 209 211 213 216 218 220 210  88  47 135 220
 197 199 203 205 208 208 212 214 216 218 217 116  45 145 226 226
 197 201 203 205 208 210 212 213 215 218 171  42 109 224 200  98
 197 201 204 205 208 210 211 213 216 212  77  56 199 212  68  42
 198 200 204 205 208 210 212 214 215 169  40 115 219 153  42  40
 195 200 202 205 206 210 212 213 215 113  37 159 222 130  43  39
 198 178  29  21  27 163 208 211 213 215 218 219 221 223 226 227
 198  75  35 117 152 175 208 211 213 216 217 220 222 223 225 228
 122  39 167 207 208 209 210 212 213 216 218 221 223 223 225 227
  33 139 204 207 209 211 212 212 214 216 218 221 223 224 226 228
  54 194 205 206 209 210 211 213 215 217 219 221 223 224 226 228
  70 200 204 206 207 208 211 213 216 217 219 221 223 224 226 227
 132 191 204 205 207 209 211 214 215 217 219 221 223 224 226 226
 199 201 203 204 206 208 211 214 216 217 219 220 222 224 225 198
 199 202 203 206 207 210 213 215 216 219 220 222 223 222 144  60
 198 201 203 206 207 209 211 214 216 218 220 221 208  92  46  60
 198 200 203 206 207 209 210 213 216 217 220 210  87  44 133 219
 198 201 203 206 208 209 212 213 216 217 217 115  42 141 224 225
 199 201 203 206 208 210 212 213 215 216 169  44 107 223 201  93
 199 201 204 205 208 210 211 213 215 212  77  53 199 211  72  43
 199 201 204 206 207 209 212 214 215 170  39 114 220 150  41  38
 197 200 202 205 207 209 212 213 214 112  42 158 220 127  41  41
 202 179  32  28  30 168 213 213 215 218 221 222 225 228 230 232
 201  83  40 122 155 182 212 211 214 218 220 222 224 226 229 232
 123  44 172 210 209 211 214 214 216 218 220 222 224 226 227 229
  37 151 210 211 212 212 214 215 216 218 221 222 225 226 227 229
  57 204 208 210 211 212 214 214 216 219 221 222 225 226 228 229
  76 204 208 209 210 212 213 215 219 220 222 224 226 226 227 230
 139 193 209 209 209 212 214 215 218 219 221 223 224 227 229 227
 202 203 206 208 208 211 214 216 218 220 221 221 224 226 228 196
 201 205 206 208 210 212 216 217 218 219 223 224 224 223 143  56
 202 203 206 207 210 212 214 216 218 220 221 224 211  95  50  62
 202 203 205 207 210 212 212 215 218 220 222 211  89  46 137 220
 200 203 206 208 210 210 214 215 218 220 219 120  47 144 225 227
 201 204 206 208 209 212 213 215 219 219 172  44 114 224 201  97
 202 204 207 209 211 212 213 215 217 215  82  61 205 210  70  43
 202 205 206 209 210 211 214 215 217 176  41 117 221 157  44  45
 200 205 206 207 209 212 214 215 215 116  43 161 220 133  45  41

 230 232 229 229 230 229 228 198  59  65 220 226  98  42  40  39
 227 227 227 227 226 226 227 227 145  49 135 226 200  68  42  43
 225 224 226 226 226 225 225 226 223  94  47 145 224 212 153 130
 222 223 223 224 224 224 223 223 224 209  88  45 109 199 219 222
 220 220 221 221 222 222 221 220 222 221 210 116  42  56 115 159
 219 218 219 219 220 219 219 220 220 220 220 217 171  77  40  37
 216 216 217 218 218 218 218 219 219 219 218 218 218 212 169 113
 213 213 214 215 215 216 216 217 217 217 216 216 215 216 215 215
 211 211 211 213 213 213 214 214 215 214 213 214 213 213 214 213
 209 209 211 212 211 211 212 211 213 212 211 212 212 211 212 212
 163 183 209 211 210 210 209 209 210 210 209 208 210 210 210 210
  27 157 209 210 208 208 208 206 207 208 206 208 208 208 208 206
  25 123 208 207 205 206 206 205 205 205 204 205 205 205 205 205
  26  36 167 205 204 205 204 202 204 203 202 203 203 204 204 202
 177  74  40 142 196 200 191 201 202 200 198 199 201 201 200 200
 198 197 119  31  51  70 135 198 198 197 196 197 197 197 198 195
 227 228 227 228 228 227 226 198  60  60 219 225  93  43  38  41
 226 225 225 226 226 226 226 225 144  46 133 224 201  72  41  41
 223 223 223 224 224 224 224 224 222  92  44 141 223 211 150 127
 221 222 223 223 223 223 223 222 223 208  87  42 107 199 220 220
 219 220 221 221 221 221 221 220 222 221 210 115  44  53 114 158
 218 217 218 218 219 219 219 219 220 220 220 217 169  77  39  42
 215 216 216 216 217 217 217 217 219 218 217 217 216 212 170 112
 213 213 213 214 215 216 215 216 216 216 216 216 215 215 215 214
 211 211 212 212 213 213 214 214 215 214 213 213 213 213 214 213
 208 208 210 212 211 211 211 211 213 211 210 212 212 211 212 212
 163 175 209 211 210 208 209 208 210 209 209 209 210 210 209 209
  27 152 208 209 209 207 207 206 207 207 207 208 208 208 207 207
  21 117 207 207 206 206 205 204 206 206 206 206 206 205 206 205
  29  35 167 204 205 204 204 203 203 203 203 203 203 204 204 202
 178  75  39 139 194 200 191 201 202 201 200 201 201 201 201 200
 198 198 122  33  54  70 132 199 199 198 198 198 199 199 199 197
 232 232 229 229 229 230 227 196  56  62 220 227  97  43  45  41
 230 229 227 227 228 227 229 228 143  50 137 225 201  70  44  45
 228 226 226 226 226 226 227 226 223  95  46 144 224 210 157 133
 225 224 224 225 225 226 224 224 224 211  89  47 114 205 221 220
 222 222 222 222 222 224 223 221 224 224 211 120  44  61 117 161
 221 220 220 221 221 222 221 221 223 221 222 219 172  82  41  43
 218 218 218 218 219 220 219 220 219 220 220 220 219 215 176 116
 215 214 216 216 216 219 218 218 218 218 218 218 219 217 217 215
 213 211 214 215 214 215 215 216 217 216 215 215 215 215 215 215
 213 212 214 214 214 213 214 214 216 214 212 214 213 213 214 214
 168 182 211 212 212 212 212 211 212 212 212 210 212 212 211 212
  30 155 209 212 211 210 209 208 210 210 210 210 209 211 210 209
  28 122 210 211 210 209 209 208 208 207 207 208 208 209 209 207
  32  40 172 210 208 208 209 206 206 206 205 206 206 207 206 206
 179  83  44 151 204 204 193 203 205 203 203 203 204 204 205 205
 202 201 123  37  57  76 139 202 201 202 202 200 201 202 202 200

