  35  34  31  33 175 212 210  57  21  33  23  20  26 126 118  16
  35  30  29  33 168 212 209  56  19  20  20  18  18  17  94  85
  33  29  31  32 168 212 210  52  18  18  23  19  19  19  22 125
  34  31  31  32 174 213 209  53  22  21  20  19  20  18  20  43
  34  31  29  31 116 101 100  43  23  19  21  19  20  17  18  17
  32  31  29  31 168 208  70  23  22  20  21  20  18  17  17  16
  32  31  29  32 169 210  80  25  24  22  17  17  17  16  17  15
  34  30  29  29  64  79  30  24  21  21  17  18  18  16  17  16
  32  30  27  25  29  28  26  23  23  21  18  16  16  17  16  17
  33  30  27  27  28  24  24  20  21  21  18  18  14  15  16  20
  35  33  30  28  31  28  25  22  22  19  18  20  17  16  14  31
  34  34  31  29 153 150 154  48  22  21  19  19  18  17  16  72
  35  33  32  34 172 214 211  58  22  21  18  19  17  15  19 134
  34  36  33  35 176 214 210  54  21  20  20  19  17  16  75 112
  38  38  36  36 177 213 211  56  24  51  19  19  18  54 147  33
  39  38  53  36 176 213 210  57  26  87  23  22  66 147  46  17
  37  36  35  36 175 213 211  58  27  34  25  25  27 130 124  19
  36  34  33  35 170 213 210  58  23  23  23  24  23  24  94  89
  35  33  33  36 170 213 210  53  26  25  24  24  25  24  25 125
  36  34  34  35 174 215 212  53  27  27  24  25  24  23  23  47
  36  35  33  36 116  99  96  38  27  26  24  23  22  21  22  21
  36  34  32  34 169 210  68  27  27  25  25  24  22  22  22  21
  35  32  33  34 171 211  78  28  26  25  23  23  22  22  22  23
  36  33  33  33  62  75  30  29  27  25  23  22  22  23  22  21
  35  33  32  32  31  31  29  28  27  25  24  22  22  23  21  22
  35  33  31  32  31  29  29  28  28  26  24  23  20  21  21  22
  37  35  33  32  31  32  31  28  28  27  24  23  21  20  21  37
  38  36  34  35 154 154 159  52  25  24  24  23  21  21  22  80
  40  37  36  37 174 214 213  60  27  24  24  24  23  22  25 142
  40  38  37  40 177 214 212  55  26  25  24  23  24  22  84 111
  41  39  39  41 178 214 212  57  28  49  25  23  26  64 150  35
  42  43  55  41 179 214 212  57  28  88  27  26  72 143  38  23
  43  41  39  43 179 221 218  71  31  42  30  29  33 139 128  27
  42  42  38  45 173 221 219  65  28  30  30  28  29  30 104  94
  41  38  40  42 173 221 218  63  30  29  31  30  28  31  31 132
  43  41  39  40 177 222 220  62  32  33  28  27  29  29  30  49
  42  40  39  39 121 106 108  47  32  29  28  29  27  28  26  26
  42  39  40  41 173 214  77  31  31  31  30  29  27  26  26  25
  40  38  38  39 176 221  87  34  31  28  27  27  25  26  24  24
  40  38  36  37  69  82  36  31  30  29  28  26  24  25  27  25
  40  38  35  37  37  36  35  31  32  30  26  27  27  26  27  25
  42  39  36  35  36  34  33  31  32  29  28  27  24  26  25  24
  43  40  38  38  36  35  35  33  35  29  27  28  24  25  26  39
  44  43  38  42 156 153 161  55  33  29  26  27  25  25  24  81
  44  43  41  43 177 224 219  68  32  30  31  28  25  27  29 147
  44  41  43  47 180 222 218  60  32  33  31  29  28  27  88 119
  46  46  44  46 183 222 219  63  35  58  32  31  30  69 160  39
  47  52  66  45 183 222 221  63  34  91  31  31  76 153  48  26

  16  85 125  43  17  16  15  16  17  20  31  72 134 112  33  17
 118  94  22  20  18  17  17  17  16  16  14  16  19  75 147  46
 126  17  19  18  17  17  16  16  17  15  16  17  15  16  54 147
  26  18  19  20  20  18  17  18  16  14  17  18  17  17  18  66
  20  18  19  19  19  20  17  18  16  18  20  19  19  19  19  22
  23  20  23  20  21  21  17  17  18  18  18  19  18  20  19  23
  33  20  18  21  19  20  22  21  21  21  19  21  21  20  51  87
  21  19  18  22  23  22  24  21  23  21  22  22  22  21  24  26
  57  56  52  53  43  23  25  24  23  20  22  48  58  54  56  57
 210 209 210 209 100  70  80  30  26  24  25 154 211 210 211 210
 212 212 212 213 101 208 210  79  28  24  28 150 214 214 213 213
 175 168 168 174 116 168 169  64  29  28  31 153 172 176 177 176
  33  33  32  32  31  31  32  29  25  27  28  29  34  35  36  36
  31  29  31  31  29  29  29  29  27  27  30  31  32  33  36  53
  34  30  29  31  31  31  31  30  30  30  33  34  33  36  38  38
  35  35  33  34  34  32  32  34  32  33  35  34  35  34  38  39
  19  89 125  47  21  21  23  21  22  22  37  80 142 111  35  23
 124  94  25  23  22  22  22  22  21  21  21  22  25  84 150  38
 130  24  24  23  21  22  22  23  23  21  20  21  22  22  64 143
  27  23  25  24  22  22  22  22  22  20  21  21  23  24  26  72
  25  24  24  25  23  24  23  22  22  23  23  23  24  23  23  26
  25  23  24  24  24  25  23  23  24  24  24  24  24  24  25  27
  34  23  25  27  26  25  25  25  25  26  27  24  24  25  49  88
  27  23  26  27  27  27  26  27  27  28  28  25  27  26  28  28
  58  58  53  53  38  27  28  29  28  28  28  52  60  55  57  57
 211 210 210 212  96  68  78  30  29  29  31 159 213 212 212 212
 213 213 213 215  99 210 211  75  31  29  32 154 214 214 214 214
 175 170 170 174 116 169 171  62  31  31  31 154 174 177 178 179
  36  35  36  35  36  34  34  33  32  32  32  35  37  40  41  41
  35  33  33  34  33  32  33  33  32  31  33  34  36  37  39  55
  36  34  33  34  35  34  32  33  33  33  35  36  37  38  39  43
  37  36  35  36  36  36  35  36  35  35  37  38  40  40  41  42
  27  94 132  49  26  25  24  25  25  24  39  81 147 119  39  26
 128 104  31  30  26  26  24  27  27  25  26  24  29  88 160  48
 139  30  31  29  28  26  26  25  26  26  25  25  27  27  69 153
  33  29  28  29  27  27  25  24  27  24  24  25  25  28  30  76
  29  28  30  27  29  29  27  26  27  27  28  27  28  29  31  31
  30  30  31  28  28  30  27  28  26  28  27  26  31  31  32  31
  42  30  29  33  29  31  28  29  30  29  29  29  30  33  58  91
  31  28  30  32  32  31  31  30  32  32  35  33  32  32  35  34
  71  65  63  62  47  31  34  31  31  31  33  55  68  60  63  63
 218 219 218 220 108  77  87  36  35  33  35 161 219 218 219 221
 221 221 221 222 106 214 221  82  36  34  35 153 224 222 222 222
 179 173 173 177 121 173 176  69  37  36  36 156 177 180 183 183
  43  45  42  40  39  41  39  37  37  35  38  42  43  47  46  45
  39  38  40  39  39  40  38  36  35  36  38  38  41  43  44  66
  41  42  38  41  40  39  38  38  38  39  40  43  43  41  46  52
  43  42  41  43  42  42  40  40  40  42  43  44  44  44  46  47

  17  46 147  66  22  23  87  26  57 210 213 176  36  53  38  39
  33 147  54  18  19  19  51  24  56 211 213 177  36  36  38  38
 112  75  16  17  19  20  20  21  54 210 214 176  35  33  36  34
 134  19  15  17  19  18  21  22  58 211 214 172  34  32  33  35
  72  16  17  18  19  19  21  22  48 154 150 153  29  31  34  34
  31  14  16  17  20  18  19  22  22  25  28  31  28  30  33  35
  20  16  15  14  18  18  21  21  20  24  24  28  27  27  30  33
  17  16  17  16  16  18  21  23  23  26  28  29  25  27  30  32
  16  17  16  18  18  17  21  21  24  30  79  64  29  29  30  34
  15  17  16  17  17  17  22  24  25  80 210 169  32  29  31  32
  16  17  17  18  20  21  20  22  23  70 208 168  31  29  31  32
  17  18  17  20  19  21  19  23  43 100 101 116  31  29  31  34
  43  20  18  20  19  20  21  22  53 209 213 174  32  31  31  34
 125  22  19  19  19  23  18  18  52 210 212 168  32  31  29  33
  85  94  17  18  18  20  20  19  56 209 212 168  33  29  30  35
  16 118 126  26  20  23  33  21  57 210 212 175  33  31  34  35
  23  38 143  72  26  27  88  28  57 212 214 179  41  55  43  42
  35 150  64  26  23  25  49  28  57 212 214 178  41  39  39  41
 111  84  22  24  23  24  25  26  55 212 214 177  40  37  38  40
 142  25  22  23  24  24  24  27  60 213 214 174  37  36  37  40
  80  22  21  21  23  24  24  25  52 159 154 154  35  34  36  38
  37  21  20  21  23  24  27  28  28  31  32  31  32  33  35  37
  22  21  21  20  23  24  26  28  28  29  29  31  32  31  33  35
  22  21  23  22  22  24  25  27  28  29  31  31  32  32  33  35
  21  22  23  22  22  23  25  27  29  30  75  62  33  33  33  36
  23  22  22  22  23  23  25  26  28  78 211 171  34  33  32  35
  21  22  22  22  24  25  25  27  27  68 210 169  34  32  34  36
  21  22  21  22  23  24  26  27  38  96  99 116  36  33  35  36
  47  23  23  24  25  24  27  27  53 212 215 174  35  34  34  36
 125  25  24  25  24  24  25  26  53 210 213 170  36  33  33  35
  89  94  24  23  24  23  23  23  58 210 213 170  35  33  34  36
  19 124 130  27  25  25  34  27  58 211 213 175  36  35  36  37
  26  48 153  76  31  31  91  34  63 221 222 183  45  66  52  47
  39 160  69  30  31  32  58  35  63 219 222 183  46  44  46  46
 119  88  27  28  29  31  33  32  60 218 222 180  47  43  41  44
 147  29  27  25  28  31  30  32  68 219 224 177  43  41  43  44
  81  24  25  25  27  26  29  33  55 161 153 156  42  38  43  44
  39  26  25  24  28  27  29  35  33  35  35  36  38  38  40  43
  24  25  26  24  27  28  29  32  31  33  34  36  35  36  39  42
  25  27  26  27  27  26  30  32  31  35  36  37  37  35  38  40
  25  27  25  24  26  28  29  30  31  36  82  69  37  36  38  40
  24  24  26  25  27  27  28  31  34  87 221 176  39  38  38  40
  25  26  26  27  29  30  31  31  31  77 214 173  41  40  39  42
  26  26  28  27  29  28  29  32  47 108 106 121  39  39  40  42
  49  30  29  29  27  28  33  32  62 220 222 177  40  39  41  43
 132  31  31  28  30  31  29  30  63 218 221 173  42  40  38  41
  94 104  30  29  28  30  30  28  65 219 221 173  45  38  42  42
  27 128 139  33  29  30  42  31  71 218 221 179  43  39  41  43

  39  38  34  35  34  35  33  32  34  32  32  34  34  33  35  35
  38  38  36  33  34  33  30  30  30  31  31  31  31  29  30  34
  53  36  33  32  31  30  27  27  29  29  29  29  31  31  29  31
  36  36  35  34  29  28  27  25  29  32  31  31  32  32  33  33
 176 177 176 172 153  31  28  29  64 169 168 116 174 168 168 175
 213 213 214 214 150  28  24  28  79 210 208 101 213 212 212 212
 210 211 210 211 154  25  24  26  30  80  70 100 209 210 209 210
  57  56  54  58  48  22  20  23  24  25  23  43  53  52  56  57
  26  24  21  22  22  22  21  23  21  24  22  23  22  18  19  21
  87  51  20  21  21  19  21  21  21  22  20  19  21  18  20  33
  23  19  20  18  19  18  18  18  17  17  21  21  20  23  20  23
  22  19  19  19  19  20  18  16  18  17  20  19  19  19  18  20
  66  18  17  17  18  17  14  16  18  17  18  20  20  19  18  26
 147  54  16  15  17  16  15  17  16  16  17  17  18  19  17 126
  46 147  75  19  16  14  16  16  17  17  17  18  20  22  94 118
  17  33 112 134  72  31  20  17  16  15  16  17  43 125  85  16
  42  41  40  40  38  37  35  35  36  35  36  36  36  35  36  37
  43  39  38  37  36  35  33  33  33  32  34  35  34  33  34  36
  55  39  37  36  34  33  31  32  33  33  32  33  34  33  33  35
  41  41  40  37  35  32  32  32  33  34  34  36  35  36  35  36
 179 178 177 174 154  31  31  31  62 171 169 116 174 170 170 175
 214 214 214 214 154  32  29  31  75 211 210  99 215 213 213 213
 212 212 212 213 159  31  29  29  30  78  68  96 212 210 210 211
  57  57  55  60  52  28  28  28  29  28  27  38  53  53  58  58
  28  28  26  27  25  28  28  27  27  26  27  27  27  26  23  27
  88  49  25  24  24  27  26  25  25  25  25  26  27  25  23  34
  27  25  24  24  24  24  24  24  23  23  25  24  24  24  23  25
  26  23  23  24  23  23  23  22  22  23  24  23  25  24  24  25
  72  26  24  23  21  21  20  22  22  22  22  22  24  25  23  27
 143  64  22  22  21  20  21  23  23  22  22  21  23  24  24 130
  38 150  84  25  22  21  21  21  22  22  22  22  23  25  94 124
  23  35 111 142  80  37  22  22  21  23  21  21  47 125  89  19
  47  46  44  44  44  43  42  40  40  40  42  42  43  41  42  43
  52  46  41  43  43  40  39  38  38  38  39  40  41  38  42  41
  66  44  43  41  38  38  36  35  36  38  40  39  39  40  38  39
  45  46  47  43  42  38  35  37  37  39  41  39  40  42  45  43
 183 183 180 177 156  36  36  37  69 176 173 121 177 173 173 179
 222 222 222 224 153  35  34  36  82 221 214 106 222 221 221 221
 221 219 218 219 161  35  33  35  36  87  77 108 220 218 219 218
  63  63  60  68  55  33  31  31  31  34  31  47  62  63  65  71
  34  35  32  32  33  35  32  32  30  31  31  32  32  30  28  31
  91  58  33  30  29  29  29  30  29  28  31  29  33  29  30  42
  31  32  31  31  26  27  28  26  28  27  30  28  28  31  30  30
  31  31  29  28  27  28  27  27  26  27  29  29  27  30  28  29
  76  30  28  25  25  24  24  27  24  25  27  27  29  28  29  33
 153  69  27  27  25  25  26  26  25  26  26  28  29  31  30 139
  48 160  88  29  24  26  25  27  27  24  26  26  30  31 104 128
  26  39 119 147  81  39  24  25  25  24  25  26  49 132  94  27

