  69  69  68  70 119  62  80 221 218 217 213 211 208 188  73  38
  70  69  70  71  78  64 115 220 219 217 214 212 209 206 178  56
  71  69  69  69  67  64 147 220 220 218 216 212 210 208 206 149
  69  68  69  68  67  70 174 221 219 217 215 213 211 209 206 201
  68  68  69  69  69  71 193 222 219 218 216 213 211 208 206 204
  71  69  69  68  69  72 204 225 222 218 217 215 211 208 206 204
  70  69  70  69  69  75 216 226 224 221 218 215 212 211 207 204
  70  68  70  69  71  79 226 226 225 222 219 216 213 211 208 204
  73  73  73  71  72  76 133 134 172 218 220 218 216 213 209 206
  73  73  73  72  72  98 144  73  77 120 218 219 217 213 210 209
  72  71  71  71  71 131 224  82  70  72 165 220 218 216 213 211
  70  70  71  72  72 123 179  72  69  73 123 221 220 218 213 209
  70  70  71  68  70  72  70  69  69  70 122 222 220 217 213 184
  72  71  71  70  69  69  69  69  70  74 167 222 219 217 215 109
  75  73  72  72  73  72  71  74  77 130 220 222 219 215 137  59
 174  75  85  88  74 145 146 146 177 221 222 219 216 138  65  58
  70  70  69  72 121  64  83 220 217 216 214 211 208 185  71  37
  71  70  69  73  78  65 114 220 218 216 214 212 209 206 178  56
  72  71  71  71  68  68 149 220 219 218 216 213 210 209 206 148
  70  69  69  70  69  69 174 221 219 217 215 213 211 209 207 201
  70  69  68  71  70  72 194 222 219 217 215 213 212 209 207 204
  71  70  70  71  71  74 206 224 222 221 217 215 212 208 206 204
  71  71  71  69  71  76 216 225 223 221 218 215 213 211 207 203
  70  71  71  71  72  79 226 226 224 222 219 216 213 212 208 205
  73  73  74  73  72  74 137 137 172 219 220 218 215 212 210 207
  74  73  74  73  73 100 142  73  74 118 218 219 218 213 211 209
  73  73  72  72  70 130 224  82  72  74 166 220 218 216 214 211
  72  73  71  72  72 121 179  73  70  72 123 222 220 217 214 209
  72  72  73  73  70  71  70  70  71  73 123 221 219 217 213 188
  74  73  73  72  70  69  70  71  71  78 169 222 219 218 213 107
  73  73  73  72  72  72  71  72  78 131 221 223 218 215 139  59
 173  76  87  87  72 145 138 143 173 223 222 221 216 139  65  57
  70  70  68  75 122  65  91 221 219 216 214 213 210 183  70  42
  72  71  69  74  76  65 118 220 219 217 215 213 210 209 177  56
  73  73  72  70  68  69 151 221 220 218 216 214 211 209 206 147
  71  70  72  70  70  71 176 221 220 219 216 214 212 211 207 203
  72  71  72  70  72  74 196 223 220 218 216 214 213 210 208 206
  73  72  73  74  72  74 207 225 222 221 219 216 214 210 207 207
  74  74  72  73  74  81 218 227 224 221 218 215 213 212 209 207
  74  74  74  73  75  85 229 228 225 223 220 217 214 212 210 207
  74  75  75  73  73  78 140 142 175 222 222 219 217 215 212 208
  76  75  75  75  74 101 140  75  77 128 220 220 218 215 211 210
  75  75  75  74  76 135 224  84  73  74 172 221 220 217 215 211
  74  75  73  74  76 131 179  74  72  76 126 222 222 219 215 214
  74  73  73  73  73  76  72  70  72  75 122 223 221 218 216 194
  77  75  75  74  73  71  70  71  71  78 170 223 220 219 216 111
  73  75  76  76  75  75  74  72  79 136 222 224 221 217 143  61
 168  76  88  88  75 138 135 139 169 221 222 221 220 143  67  60

  38  56 149 201 204 204 204 204 206 209 211 209 184 109  59  58
  73 178 206 206 206 206 207 208 209 210 213 213 213 215 137  65
 188 206 208 209 208 208 211 211 213 213 216 218 217 217 215 138
 208 209 210 211 211 211 212 213 216 217 218 220 220 219 219 216
 211 212 212 213 213 215 215 216 218 219 220 221 222 222 222 219
 213 214 216 215 216 217 218 219 220 218 165 123 122 167 220 222
 217 217 218 217 218 218 221 222 218 120  72  73  70  74 130 221
 218 219 220 219 219 222 224 225 172  77  70  69  69  70  77 177
 221 220 220 221 222 225 226 226 134  73  82  72  69  69  74 146
  80 115 147 174 193 204 216 226 133 144 224 179  70  69  71 146
  62  64  64  70  71  72  75  79  76  98 131 123  72  69  72 145
 119  78  67  67  69  69  69  71  72  72  71  72  70  69  73  74
  70  71  69  68  69  68  69  69  71  72  71  72  68  70  72  88
  68  70  69  69  69  69  70  70  73  73  71  71  71  71  72  85
  69  69  69  68  68  69  69  68  73  73  71  70  70  71  73  75
  69  70  71  69  68  71  70  70  73  73  72  70  70  72  75 174
  37  56 148 201 204 204 203 205 207 209 211 209 188 107  59  57
  71 178 206 207 207 206 207 208 210 211 214 214 213 213 139  65
 185 206 209 209 209 208 211 212 212 213 216 217 217 218 215 139
 208 209 210 211 212 212 213 213 215 218 218 220 219 219 218 216
 211 212 213 213 213 215 215 216 218 219 220 222 221 222 223 221
 214 214 216 215 215 217 218 219 220 218 166 123 123 169 221 222
 216 216 218 217 217 221 221 222 219 118  74  72  73  78 131 223
 217 218 219 219 219 222 223 224 172  74  72  70  71  71  78 173
 220 220 220 221 222 224 225 226 137  73  82  73  70  71  72 143
  83 114 149 174 194 206 216 226 137 142 224 179  70  70  71 138
  64  65  68  69  72  74  76  79  74 100 130 121  71  69  72 145
 121  78  68  69  70  71  71  72  72  73  70  72  70  70  72  72
  72  73  71  70  71  71  69  71  73  73  72  72  73  72  72  87
  69  69  71  69  68  70  71  71  74  74  72  71  73  73  73  87
  70  70  71  69  69  70  71  71  73  73  73  73  72  73  73  76
  70  71  72  70  70  71  71  70  73  74  73  72  72  74  73 173
  42  56 147 203 206 207 207 207 208 210 211 214 194 111  61  60
  70 177 206 207 208 207 209 210 212 211 215 215 216 216 143  67
 183 209 209 211 210 210 212 212 215 215 217 219 218 219 217 143
 210 210 211 212 213 214 213 214 217 218 220 222 221 220 221 220
 213 213 214 214 214 216 215 217 219 220 221 222 223 223 224 221
 214 215 216 216 216 219 218 220 222 220 172 126 122 170 222 222
 216 217 218 219 218 221 221 223 222 128  74  76  75  78 136 221
 219 219 220 220 220 222 224 225 175  77  73  72  72  71  79 169
 221 220 221 221 223 225 227 228 142  75  84  74  70  71  72 139
  91 118 151 176 196 207 218 229 140 140 224 179  72  70  74 135
  65  65  69  71  74  74  81  85  78 101 135 131  76  71  75 138
 122  76  68  70  72  72  74  75  73  74  76  76  73  73  75  75
  75  74  70  70  70  74  73  73  73  75  74  74  73  74  76  88
  68  69  72  72  72  73  72  74  75  75  75  73  73  75  76  88
  70  71  73  70  71  72  74  74  75  75  75  75  73  75  75  76
  70  72  73  71  72  73  74  74  74  76  75  74  74  77  73 168

  58  65 138 216 219 222 221 177 146 146 145  74  88  85  75 174
  59 137 215 219 222 220 130  77  74  71  72  73  72  72  73  75
 109 215 217 219 222 167  74  70  69  69  69  69  70  71  71  72
 184 213 217 220 222 122  70  69  69  70  72  70  68  71  70  70
 209 213 218 220 221 123  73  69  72 179 123  72  72  71  70  70
 211 213 216 218 220 165  72  70  82 224 131  71  71  71  71  72
 209 210 213 217 219 218 120  77  73 144  98  72  72  73  73  73
 206 209 213 216 218 220 218 172 134 133  76  72  71  73  73  73
 204 208 211 213 216 219 222 225 226 226  79  71  69  70  68  70
 204 207 211 212 215 218 221 224 226 216  75  69  69  70  69  70
 204 206 208 211 215 217 218 222 225 204  72  69  68  69  69  71
 204 206 208 211 213 216 218 219 222 193  71  69  69  69  68  68
 201 206 209 211 213 215 217 219 221 174  70  67  68  69  68  69
 149 206 208 210 212 216 218 220 220 147  64  67  69  69  69  71
  56 178 206 209 212 214 217 219 220 115  64  78  71  70  69  70
  38  73 188 208 211 213 217 218 221  80  62 119  70  68  69  69
  57  65 139 216 221 222 223 173 143 138 145  72  87  87  76 173
  59 139 215 218 223 221 131  78  72  71  72  72  72  73  73  73
 107 213 218 219 222 169  78  71  71  70  69  70  72  73  73  74
 188 213 217 219 221 123  73  71  70  70  71  70  73  73  72  72
 209 214 217 220 222 123  72  70  73 179 121  72  72  71  73  72
 211 214 216 218 220 166  74  72  82 224 130  70  72  72  73  73
 209 211 213 218 219 218 118  74  73 142 100  73  73  74  73  74
 207 210 212 215 218 220 219 172 137 137  74  72  73  74  73  73
 205 208 212 213 216 219 222 224 226 226  79  72  71  71  71  70
 203 207 211 213 215 218 221 223 225 216  76  71  69  71  71  71
 204 206 208 212 215 217 221 222 224 206  74  71  71  70  70  71
 204 207 209 212 213 215 217 219 222 194  72  70  71  68  69  70
 201 207 209 211 213 215 217 219 221 174  69  69  70  69  69  70
 148 206 209 210 213 216 218 219 220 149  68  68  71  71  71  72
  56 178 206 209 212 214 216 218 220 114  65  78  73  69  70  71
  37  71 185 208 211 214 216 217 220  83  64 121  72  69  70  70
  60  67 143 220 221 222 221 169 139 135 138  75  88  88  76 168
  61 143 217 221 224 222 136  79  72  74  75  75  76  76  75  73
 111 216 219 220 223 170  78  71  71  70  71  73  74  75  75  77
 194 216 218 221 223 122  75  72  70  72  76  73  73  73  73  74
 214 215 219 222 222 126  76  72  74 179 131  76  74  73  75  74
 211 215 217 220 221 172  74  73  84 224 135  76  74  75  75  75
 210 211 215 218 220 220 128  77  75 140 101  74  75  75  75  76
 208 212 215 217 219 222 222 175 142 140  78  73  73  75  75  74
 207 210 212 214 217 220 223 225 228 229  85  75  73  74  74  74
 207 209 212 213 215 218 221 224 227 218  81  74  73  72  74  74
 207 207 210 214 216 219 221 222 225 207  74  72  74  73  72  73
 206 208 210 213 214 216 218 220 223 196  74  72  70  72  71  72
 203 207 211 212 214 216 219 220 221 176  71  70  70  72  70  71
 147 206 209 211 214 216 218 220 221 151  69  68  70  72  73  73
  56 177 209 210 213 215 217 219 220 118  65  76  74  69  71  72
  42  70 183 210 213 214 216 219 221  91  65 122  75  68  70  70

 174  75  72  70  70  72  73  73  70  70  71  68  69  71  70  69
  75  73  71  70  70  71  73  73  68  69  69  68  68  69  69  69
  85  72  71  71  71  71  73  73  70  70  69  69  69  69  70  68
  88  72  70  68  72  71  72  71  69  69  68  69  68  69  71  70
  74  73  69  70  72  71  72  72  71  69  69  69  67  67  78 119
 145  72  69  72 123 131  98  76  79  75  72  71  70  64  64  62
 146  71  69  70 179 224 144 133 226 216 204 193 174 147 115  80
 146  74  69  69  72  82  73 134 226 226 225 222 221 220 220 221
 177  77  70  69  69  70  77 172 225 224 222 219 219 220 219 218
 221 130  74  70  73  72 120 218 222 221 218 218 217 218 217 217
 222 220 167 122 123 165 218 220 219 218 217 216 215 216 214 213
 219 222 222 222 221 220 219 218 216 215 215 213 213 212 212 211
 216 219 219 220 220 218 217 216 213 212 211 211 211 210 209 208
 138 215 217 217 218 216 213 213 211 211 208 208 209 208 206 188
  65 137 215 213 213 213 210 209 208 207 206 206 206 206 178  73
  58  59 109 184 209 211 209 206 204 204 204 204 201 149  56  38
 173  73  74  72  72  73  74  73  70  71  71  70  70  72  71  70
  76  73  73  72  73  73  73  73  71  71  70  69  69  71  70  70
  87  73  73  73  71  72  74  74  71  71  70  68  69  71  69  69
  87  72  72  73  72  72  73  73  71  69  71  71  70  71  73  72
  72  72  70  70  72  70  73  72  72  71  71  70  69  68  78 121
 145  72  69  71 121 130 100  74  79  76  74  72  69  68  65  64
 138  71  70  70 179 224 142 137 226 216 206 194 174 149 114  83
 143  72  71  70  73  82  73 137 226 225 224 222 221 220 220 220
 173  78  71  71  70  72  74 172 224 223 222 219 219 219 218 217
 223 131  78  73  72  74 118 219 222 221 221 217 217 218 216 216
 222 221 169 123 123 166 218 220 219 218 217 215 215 216 214 214
 221 223 222 221 222 220 219 218 216 215 215 213 213 213 212 211
 216 218 219 219 220 218 218 215 213 213 212 212 211 210 209 208
 139 215 218 217 217 216 213 212 212 211 208 209 209 209 206 185
  65 139 213 213 214 214 211 210 208 207 206 207 207 206 178  71
  57  59 107 188 209 211 209 207 205 203 204 204 201 148  56  37
 168  73  77  74  74  75  76  74  74  74  73  72  71  73  72  70
  76  75  75  73  75  75  75  75  74  74  72  71  70  73  71  70
  88  76  75  73  73  75  75  75  74  72  73  72  72  72  69  68
  88  76  74  73  74  74  75  73  73  73  74  70  70  70  74  75
  75  75  73  73  76  76  74  73  75  74  72  72  70  68  76 122
 138  75  71  76 131 135 101  78  85  81  74  74  71  69  65  65
 135  74  70  72 179 224 140 140 229 218 207 196 176 151 118  91
 139  72  71  70  74  84  75 142 228 227 225 223 221 221 220 221
 169  79  71  72  72  73  77 175 225 224 222 220 220 220 219 219
 221 136  78  75  76  74 128 222 223 221 221 218 219 218 217 216
 222 222 170 122 126 172 220 222 220 218 219 216 216 216 215 214
 221 224 223 223 222 221 220 219 217 215 216 214 214 214 213 213
 220 221 220 221 222 220 218 217 214 213 214 213 212 211 210 210
 143 217 219 218 219 217 215 215 212 212 210 210 211 209 209 183
  67 143 216 216 215 215 211 212 210 209 207 208 207 206 177  70
  60  61 111 194 214 211 210 208 207 207 207 206 203 147  56  42

