 213 212 211 161  39 140  57 113 183 198 196 192 191 187  79  14
 214 212 211 105  99  69  31  31  46  99 152 188 191 128  20  15
 213 213 212  54 173 193 175 155 127  83  69  69  71  26  16  14
  78 118 168  60 206 205 203 202 198 196 193 182  41  17  17  14
  37  42 131  89 206 206 205 202 199 197 195 191  68  16  16  16
  36  39 127 125 208 206 204 202 199 197 195 191  67  16  16  18
  39  37 123 134 208 207 204 201 199 196 195 190  61  14  16  15
  69  38 125 138 208 207 204 200 199 197 196 186  31  15  15  22
  68  37 131 116 207 205 204 202 199 197 195 166  22  18  15  44
  42  63 164  83 203 204 202 198 191 181 153  82  23  16  14  20
 182 205 208  72 134  80  74  65  56  57 118 169  98  18  15  15
 214 212 210 111 122  32  27  31  90 175 193 192 184  58  14  13
 213 212 210 169  83 101  48 137 196 195 193 191 188 138  15  13
 213 211 210 203  75 148 177 200 198 195 193 191 189 179  41  14
 214 212 209 206 144  69 194 199 198 195 194 192 190 186  83  14
 214 210 207 206 202  70  94 194 196 193 192 191 190 188 110  15
 213 212 210 162  41 145  69 119 187 197 196 193 192 186  86  19
 214 212 210 104 101  68  30  29  46 106 160 192 191 132  22  16
 213 212 210  55 174 190 170 149 121  79  64  68  71  24  16  15
  80 123 168  61 205 206 203 201 199 197 193 182  40  17  17  16
  37  39 131  94 206 205 204 202 199 197 194 191  70  18  17  17
  36  38 126 125 207 206 204 202 199 197 195 192  68  16  16  19
  37  39 123 133 207 206 203 201 199 197 195 190  62  15  16  16
  65  37 127 138 207 206 203 200 199 197 196 187  32  17  15  24
  68  38 131 118 207 205 204 202 200 197 195 168  23  18  16  46
  43  60 162  82 203 204 203 201 194 184 159  86  21  17  16  25
 179 204 207  69 134  81  74  65  53  57 116 165  94  18  17  16
 213 212 210 111 124  32  29  30  88 175 194 192 185  57  17  15
 213 211 210 167  85 101  46 136 197 195 194 192 189 137  18  15
 212 211 209 203  74 152 178 200 198 196 194 193 190 179  43  15
 214 211 209 206 144  65 194 199 198 195 194 193 190 187  86  14
 213 210 207 206 201  68  91 195 196 193 193 192 190 188 111  16
 213 212 210 162  43 143  76 132 189 199 195 193 191 188  91  19
 213 211 210 105 105  69  31  31  50 114 168 190 189 137  23  16
 213 213 210  60 175 186 167 146 121  75  61  67  76  28  19  16
  85 127 170  66 205 205 204 201 199 196 194 178  43  17  19  18
  37  39 136  97 206 206 205 202 199 198 194 192  74  21  20  18
  36  40 127 130 207 206 203 202 199 198 196 193  73  20  17  22
  37  41 126 135 207 206 205 202 199 197 196 192  65  19  16  18
  64  41 129 143 207 207 205 201 200 198 196 188  36  19  16  26
  72  39 130 127 207 206 204 203 200 197 195 169  27  18  17  48
  45  59 159  91 204 205 204 201 197 186 170  88  23  19  17  29
 176 202 208  73 134  87  80  72  61  60 114 164  92  21  18  19
 214 213 210 109 126  31  28  34  82 171 193 193 184  58  17  16
 212 211 210 164  88  97  46 133 197 197 195 192 191 137  17  14
 213 212 210 203  72 154 176 200 198 197 194 193 191 179  45  18
 213 212 209 207 143  71 198 201 198 196 194 193 192 189  89  17
 213 210 207 207 203  68 101 200 197 195 194 193 193 190 115  15

  14  15  14  14  16  18  15  22  44  20  15  13  13  14  14  15
  79  20  16  17  16  16  16  15  15  14  15  14  15  41  83 110
 187 128  26  17  16  16  14  15  18  16  18  58 138 179 186 188
 191 191  71  41  68  67  61  31  22  23  98 184 188 189 190 190
 192 188  69 182 191 191 190 186 166  82 169 192 191 191 192 191
 196 152  69 193 195 195 195 196 195 153 118 193 193 193 194 192
 198  99  83 196 197 197 196 197 197 181  57 175 195 195 195 193
 183  46 127 198 199 199 199 199 199 191  56  90 196 198 198 196
 113  31 155 202 202 202 201 200 202 198  65  31 137 200 199 194
  57  31 175 203 205 204 204 204 204 202  74  27  48 177 194  94
 140  69 193 205 206 206 207 207 205 204  80  32 101 148  69  70
  39  99 173 206 206 208 208 208 207 203 134 122  83  75 144 202
 161 105  54  60  89 125 134 138 116  83  72 111 169 203 206 206
 211 211 212 168 131 127 123 125 131 164 208 210 210 210 209 207
 212 212 213 118  42  39  37  38  37  63 205 212 212 211 212 210
 213 214 213  78  37  36  39  69  68  42 182 214 213 213 214 214
  19  16  15  16  17  19  16  24  46  25  16  15  15  15  14  16
  86  22  16  17  17  16  16  15  16  16  17  17  18  43  86 111
 186 132  24  17  18  16  15  17  18  17  18  57 137 179 187 188
 192 191  71  40  70  68  62  32  23  21  94 185 189 190 190 190
 193 192  68 182 191 192 190 187 168  86 165 192 192 193 193 192
 196 160  64 193 194 195 195 196 195 159 116 194 194 194 194 193
 197 106  79 197 197 197 197 197 197 184  57 175 195 196 195 193
 187  46 121 199 199 199 199 199 200 194  53  88 197 198 198 196
 119  29 149 201 202 202 201 200 202 201  65  30 136 200 199 195
  69  30 170 203 204 204 203 203 204 203  74  29  46 178 194  91
 145  68 190 206 205 206 206 206 205 204  81  32 101 152  65  68
  41 101 174 205 206 207 207 207 207 203 134 124  85  74 144 201
 162 104  55  61  94 125 133 138 118  82  69 111 167 203 206 206
 210 210 210 168 131 126 123 127 131 162 207 210 210 209 209 207
 212 212 212 123  39  38  39  37  38  60 204 212 211 211 211 210
 213 214 213  80  37  36  37  65  68  43 179 213 213 212 214 213
  19  16  16  18  18  22  18  26  48  29  19  16  14  18  17  15
  91  23  19  19  20  17  16  16  17  17  18  17  17  45  89 115
 188 137  28  17  21  20  19  19  18  19  21  58 137 179 189 190
 191 189  76  43  74  73  65  36  27  23  92 184 191 191 192 193
 193 190  67 178 192 193 192 188 169  88 164 193 192 193 193 193
 195 168  61 194 194 196 196 196 195 170 114 193 195 194 194 194
 199 114  75 196 198 198 197 198 197 186  60 171 197 197 196 195
 189  50 121 199 199 199 199 200 200 197  61  82 197 198 198 197
 132  31 146 201 202 202 202 201 203 201  72  34 133 200 201 200
  76  31 167 204 205 203 205 205 204 204  80  28  46 176 198 101
 143  69 186 205 206 206 206 207 206 205  87  31  97 154  71  68
  43 105 175 205 206 207 207 207 207 204 134 126  88  72 143 203
 162 105  60  66  97 130 135 143 127  91  73 109 164 203 207 207
 210 210 210 170 136 127 126 129 130 159 208 210 210 210 209 207
 212 211 213 127  39  40  41  41  39  59 202 213 211 212 212 210
 213 213 213  85  37  36  37  64  72  45 176 214 212 213 213 213

  15 110 188 190 191 192 193 196 194  94  70 202 206 207 210 214
  14  83 186 190 192 194 195 198 199 194  69 144 206 209 212 214
  14  41 179 189 191 193 195 198 200 177 148  75 203 210 211 213
  13  15 138 188 191 193 195 196 137  48 101  83 169 210 212 213
  13  14  58 184 192 193 175  90  31  27  32 122 111 210 212 214
  15  15  18  98 169 118  57  56  65  74  80 134  72 208 205 182
  20  14  16  23  82 153 181 191 198 202 204 203  83 164  63  42
  44  15  18  22 166 195 197 199 202 204 205 207 116 131  37  68
  22  15  15  31 186 196 197 199 200 204 207 208 138 125  38  69
  15  16  14  61 190 195 196 199 201 204 207 208 134 123  37  39
  18  16  16  67 191 195 197 199 202 204 206 208 125 127  39  36
  16  16  16  68 191 195 197 199 202 205 206 206  89 131  42  37
  14  17  17  41 182 193 196 198 202 203 205 206  60 168 118  78
  14  16  26  71  69  69  83 127 155 175 193 173  54 212 213 213
  15  20 128 191 188 152  99  46  31  31  69  99 105 211 212 214
  14  79 187 191 192 196 198 183 113  57 140  39 161 211 212 213
  16 111 188 190 192 193 193 196 195  91  68 201 206 207 210 213
  14  86 187 190 193 194 195 198 199 194  65 144 206 209 211 214
  15  43 179 190 193 194 196 198 200 178 152  74 203 209 211 212
  15  18 137 189 192 194 195 197 136  46 101  85 167 210 211 213
  15  17  57 185 192 194 175  88  30  29  32 124 111 210 212 213
  16  17  18  94 165 116  57  53  65  74  81 134  69 207 204 179
  25  16  17  21  86 159 184 194 201 203 204 203  82 162  60  43
  46  16  18  23 168 195 197 200 202 204 205 207 118 131  38  68
  24  15  17  32 187 196 197 199 200 203 206 207 138 127  37  65
  16  16  15  62 190 195 197 199 201 203 206 207 133 123  39  37
  19  16  16  68 192 195 197 199 202 204 206 207 125 126  38  36
  17  17  18  70 191 194 197 199 202 204 205 206  94 131  39  37
  16  17  17  40 182 193 197 199 201 203 206 205  61 168 123  80
  15  16  24  71  68  64  79 121 149 170 190 174  55 210 212 213
  16  22 132 191 192 160 106  46  29  30  68 101 104 210 212 214
  19  86 186 192 193 196 197 187 119  69 145  41 162 210 212 213
  15 115 190 193 193 194 195 197 200 101  68 203 207 207 210 213
  17  89 189 192 193 194 196 198 201 198  71 143 207 209 212 213
  18  45 179 191 193 194 197 198 200 176 154  72 203 210 212 213
  14  17 137 191 192 195 197 197 133  46  97  88 164 210 211 212
  16  17  58 184 193 193 171  82  34  28  31 126 109 210 213 214
  19  18  21  92 164 114  60  61  72  80  87 134  73 208 202 176
  29  17  19  23  88 170 186 197 201 204 205 204  91 159  59  45
  48  17  18  27 169 195 197 200 203 204 206 207 127 130  39  72
  26  16  19  36 188 196 198 200 201 205 207 207 143 129  41  64
  18  16  19  65 192 196 197 199 202 205 206 207 135 126  41  37
  22  17  20  73 193 196 198 199 202 203 206 207 130 127  40  36
  18  20  21  74 192 194 198 199 202 205 206 206  97 136  39  37
  18  19  17  43 178 194 196 199 201 204 205 205  66 170 127  85
  16  19  28  76  67  61  75 121 146 167 186 175  60 210 213 213
  16  23 137 189 190 168 114  50  31  31  69 105 105 210 211 213
  19  91 188 191 193 195 199 189 132  76 143  43 162 210 212 213

 214 214 213 213 214 182  42  68  69  39  36  37  78 213 214 213
 210 212 211 212 212 205  63  37  38  37  39  42 118 213 212 212
 207 209 210 210 210 208 164 131 125 123 127 131 168 212 211 211
 206 206 203 169 111  72  83 116 138 134 125  89  60  54 105 161
 202 144  75  83 122 134 203 207 208 208 208 206 206 173  99  39
  70  69 148 101  32  80 204 205 207 207 206 206 205 193  69 140
  94 194 177  48  27  74 202 204 204 204 204 205 203 175  31  57
 194 199 200 137  31  65 198 202 200 201 202 202 202 155  31 113
 196 198 198 196  90  56 191 199 199 199 199 199 198 127  46 183
 193 195 195 195 175  57 181 197 197 196 197 197 196  83  99 198
 192 194 193 193 193 118 153 195 196 195 195 195 193  69 152 196
 191 192 191 191 192 169  82 166 186 190 191 191 182  69 188 192
 190 190 189 188 184  98  23  22  31  61  67  68  41  71 191 191
 188 186 179 138  58  18  16  18  15  14  16  16  17  26 128 187
 110  83  41  15  14  15  14  15  15  16  16  16  17  16  20  79
  15  14  14  13  13  15  20  44  22  15  18  16  14  14  15  14
 213 214 212 213 213 179  43  68  65  37  36  37  80 213 214 213
 210 211 211 211 212 204  60  38  37  39  38  39 123 212 212 212
 207 209 209 210 210 207 162 131 127 123 126 131 168 210 210 210
 206 206 203 167 111  69  82 118 138 133 125  94  61  55 104 162
 201 144  74  85 124 134 203 207 207 207 207 206 205 174 101  41
  68  65 152 101  32  81 204 205 206 206 206 205 206 190  68 145
  91 194 178  46  29  74 203 204 203 203 204 204 203 170  30  69
 195 199 200 136  30  65 201 202 200 201 202 202 201 149  29 119
 196 198 198 197  88  53 194 200 199 199 199 199 199 121  46 187
 193 195 196 195 175  57 184 197 197 197 197 197 197  79 106 197
 193 194 194 194 194 116 159 195 196 195 195 194 193  64 160 196
 192 193 193 192 192 165  86 168 187 190 192 191 182  68 192 193
 190 190 190 189 185  94  21  23  32  62  68  70  40  71 191 192
 188 187 179 137  57  18  17  18  17  15  16  18  17  24 132 186
 111  86  43  18  17  17  16  16  15  16  16  17  17  16  22  86
  16  14  15  15  15  16  25  46  24  16  19  17  16  15  16  19
 213 213 213 212 214 176  45  72  64  37  36  37  85 213 213 213
 210 212 212 211 213 202  59  39  41  41  40  39 127 213 211 212
 207 209 210 210 210 208 159 130 129 126 127 136 170 210 210 210
 207 207 203 164 109  73  91 127 143 135 130  97  66  60 105 162
 203 143  72  88 126 134 204 207 207 207 207 206 205 175 105  43
  68  71 154  97  31  87 205 206 207 206 206 206 205 186  69 143
 101 198 176  46  28  80 204 204 205 205 203 205 204 167  31  76
 200 201 200 133  34  72 201 203 201 202 202 202 201 146  31 132
 197 198 198 197  82  61 197 200 200 199 199 199 199 121  50 189
 195 196 197 197 171  60 186 197 198 197 198 198 196  75 114 199
 194 194 194 195 193 114 170 195 196 196 196 194 194  61 168 195
 193 193 193 192 193 164  88 169 188 192 193 192 178  67 190 193
 193 192 191 191 184  92  23  27  36  65  73  74  43  76 189 191
 190 189 179 137  58  21  19  18  19  19  20  21  17  28 137 188
 115  89  45  17  17  18  17  17  16  16  17  20  19  19  23  91
  15  17  18  14  16  19  29  48  26  18  22  18  18  16  16  19

