 184  93  52  49  93 180 196 192 190 184  94  11  12  12  31 155
  63  32  28  27  27  72 192 194 188 185  68  12  12  11  11  88
  37  33  31  28  26  26 146 193 189 182  34  13  13  12  10  10
  36  36  79  67  27  24 121 191 189 147  14  11  12  11  10  10
  39  96 203 197  65  24 144 191 186  85  13  11  14  11  11  11
  66 123 204 201  92  63 188 191 153  26  16  12  14  16  10   9
 192 108 155 146 100 180 196 170  45  30  83 124 137 128 120  84
 149 198 199 195 199 189 138  40  67 162 182 180 176 173 170 163
  39  64  93 104  88  50  22  76 184 187 185 181 178 173 171 166
  32  32  28  27  22  20  48 178 189 188 183 181 177 174 170 167
  32  29  26  22  20  21 133 190 149  98  93 134 176 173 171 168
  31  26  25  23  22  38 184 104  16  15  14  20  99 173 169 167
  29  28  26  24  21  72 160  22  12  14  12  11  15 141 168 167
  29  27  26  22  20  88 110  16  27  63  21  11  12  95 170 167
  28  26  25  22  20  84 127  21 162 180 118  12  13 110 168 167
  28  27  26  52  20  57 175  49 177 183 140  13  35 158 168 165
 186  93  50  47  92 181 196 193 191 186  94  15  14  13  34 157
  65  33  31  29  27  71 192 194 190 185  72  15  14  13  13  91
  37  33  31  30  27  27 147 193 190 182  37  15  13  12  11  13
  37  37  78  67  27  25 124 192 189 148  17  14  14  12  12  11
  40  98 203 197  68  26 144 192 187  85  17  14  14  13  13  12
  65 127 205 202  93  61 188 193 154  22  17  16  16  15  15  13
 193 106 151 141  99 181 196 172  47  29  82 123 139 129 120  89
 144 200 200 194 199 191 136  41  68 164 184 183 179 176 173 166
  39  61  90 101  84  49  22  75 188 188 186 183 180 176 173 171
  34  32  30  28  25  23  47 179 191 188 186 181 179 176 174 172
  34  30  26  24  23  24 134 191 146  93  90 135 176 176 173 171
  31  28  26  26  23  38 185 103  16  17  16  19  94 175 172 170
  29  27  25  24  23  71 161  23  17  16  16  14  15 144 171 169
  32  29  26  25  23  88 114  19  32  66  24  15  14 100 172 170
  31  28  26  26  23  85 127  25 163 184 121  13  14 116 171 169
  29  27  25  56  24  56 178  48 178 184 141  14  36 162 171 167
 186  95  54  52 101 183 198 195 192 188 101  15  14  14  36 164
  66  35  35  32  30  77 194 195 192 186  77  19  17  14  12  95
  39  37  36  32  28  29 153 194 192 184  42  16  15  13  12  15
  38  38  74  61  28  29 126 194 191 155  18  16  16  13  12  12
  43 103 204 197  67  28 144 194 189  94  16  16  17  14  11  13
  64 129 206 203  95  57 190 194 161  29  22  16  17  18  15  13
 190 104 153 145  95 179 197 178  47  30  78 123 139 129 117  88
 151 202 200 192 203 198 142  46  71 162 184 184 182 178 175 167
  44  65  94 106  91  50  23  77 188 190 188 186 183 180 177 173
  36  35  30  26  25  25  49 182 193 189 188 186 183 180 176 174
  34  31  30  29  26  25 135 193 151 100  95 143 181 179 175 175
  36  31  26  28  25  39 188 110  18  16  18  20  99 176 175 174
  33  29  26  26  27  73 166  26  18  18  17  15  17 148 175 173
  32  29  26  25  23  90 115  19  31  66  29  17  13 102 177 175
  33  29  26  23  25  87 130  28 164 184 123  16  13 117 174 172
  33  28  25  57  22  58 179  52 181 187 143  16  33 165 175 171

 155  88  10  10  11   9  84 163 166 167 168 167 167 167 167 165
  31  11  10  10  11  10 120 170 171 170 171 169 168 170 168 168
  12  11  12  11  11  16 128 173 173 174 173 173 141  95 110 158
  12  12  13  12  14  14 137 176 178 177 176  99  15  12  13  35
  11  12  13  11  11  12 124 180 181 181 134  20  11  11  12  13
  94  68  34  14  13  16  83 182 185 183  93  14  12  21 118 140
 184 185 182 147  85  26  30 162 187 188  98  15  14  63 180 183
 190 188 189 189 186 153  45  67 184 189 149  16  12  27 162 177
 192 194 193 191 191 191 170  40  76 178 190 104  22  16  21  49
 196 192 146 121 144 188 196 138  22  48 133 184 160 110 127 175
 180  72  26  24  24  63 180 189  50  20  21  38  72  88  84  57
  93  27  26  27  65  92 100 199  88  22  20  22  21  20  20  20
  49  27  28  67 197 201 146 195 104  27  22  23  24  22  22  52
  52  28  31  79 203 204 155 199  93  28  26  25  26  26  25  26
  93  32  33  36  96 123 108 198  64  32  29  26  28  27  26  27
 184  63  37  36  39  66 192 149  39  32  32  31  29  29  28  28
 157  91  13  11  12  13  89 166 171 172 171 170 169 170 169 167
  34  13  11  12  13  15 120 173 173 174 173 172 171 172 171 171
  13  13  12  12  13  15 129 176 176 176 176 175 144 100 116 162
  14  14  13  14  14  16 139 179 180 179 176  94  15  14  14  36
  15  15  15  14  14  16 123 183 183 181 135  19  14  15  13  14
  94  72  37  17  17  17  82 184 186 186  90  16  16  24 121 141
 186 185 182 148  85  22  29 164 188 188  93  17  16  66 184 184
 191 190 190 189 187 154  47  68 188 191 146  16  17  32 163 178
 193 194 193 192 192 193 172  41  75 179 191 103  23  19  25  48
 196 192 147 124 144 188 196 136  22  47 134 185 161 114 127 178
 181  71  27  25  26  61 181 191  49  23  24  38  71  88  85  56
  92  27  27  27  68  93  99 199  84  25  23  23  23  23  23  24
  47  29  30  67 197 202 141 194 101  28  24  26  24  25  26  56
  50  31  31  78 203 205 151 200  90  30  26  26  25  26  26  25
  93  33  33  37  98 127 106 200  61  32  30  28  27  29  28  27
 186  65  37  37  40  65 193 144  39  34  34  31  29  32  31  29
 164  95  15  12  13  13  88 167 173 174 175 174 173 175 172 171
  36  12  12  12  11  15 117 175 177 176 175 175 175 177 174 175
  14  14  13  13  14  18 129 178 180 180 179 176 148 102 117 165
  14  17  15  16  17  17 139 182 183 183 181  99  17  13  13  33
  15  19  16  16  16  16 123 184 186 186 143  20  15  17  16  16
 101  77  42  18  16  22  78 184 188 188  95  18  17  29 123 143
 188 186 184 155  94  29  30 162 190 189 100  16  18  66 184 187
 192 192 192 191 189 161  47  71 188 193 151  18  18  31 164 181
 195 195 194 194 194 194 178  46  77 182 193 110  26  19  28  52
 198 194 153 126 144 190 197 142  23  49 135 188 166 115 130 179
 183  77  29  29  28  57 179 198  50  25  25  39  73  90  87  58
 101  30  28  28  67  95  95 203  91  25  26  25  27  23  25  22
  52  32  32  61 197 203 145 192 106  26  29  28  26  25  23  57
  54  35  36  74 204 206 153 200  94  30  30  26  26  26  26  25
  95  35  37  38 103 129 104 202  65  35  31  31  29  29  29  28
 186  66  39  38  43  64 190 151  44  36  34  36  33  32  33  33

 165 168 158  35  13 140 183 177  49 175  57  20  52  26  27  28
 167 168 110  13  12 118 180 162  21 127  84  20  22  25  26  28
 167 170  95  12  11  21  63  27  16 110  88  20  22  26  27  29
 167 168 141  15  11  12  14  12  22 160  72  21  24  26  28  29
 167 169 173  99  20  14  15  16 104 184  38  22  23  25  26  31
 168 171 173 176 134  93  98 149 190 133  21  20  22  26  29  32
 167 170 174 177 181 183 188 189 178  48  20  22  27  28  32  32
 166 171 173 178 181 185 187 184  76  22  50  88 104  93  64  39
 163 170 173 176 180 182 162  67  40 138 189 199 195 199 198 149
  84 120 128 137 124  83  30  45 170 196 180 100 146 155 108 192
   9  10  16  14  12  16  26 153 191 188  63  92 201 204 123  66
  11  11  11  14  11  13  85 186 191 144  24  65 197 203  96  39
  10  10  11  12  11  14 147 189 191 121  24  27  67  79  36  36
  10  10  12  13  13  34 182 189 193 146  26  26  28  31  33  37
  88  11  11  12  12  68 185 188 194 192  72  27  27  28  32  63
 155  31  12  12  11  94 184 190 192 196 180  93  49  52  93 184
 167 171 162  36  14 141 184 178  48 178  56  24  56  25  27  29
 169 171 116  14  13 121 184 163  25 127  85  23  26  26  28  31
 170 172 100  14  15  24  66  32  19 114  88  23  25  26  29  32
 169 171 144  15  14  16  16  17  23 161  71  23  24  25  27  29
 170 172 175  94  19  16  17  16 103 185  38  23  26  26  28  31
 171 173 176 176 135  90  93 146 191 134  24  23  24  26  30  34
 172 174 176 179 181 186 188 191 179  47  23  25  28  30  32  34
 171 173 176 180 183 186 188 188  75  22  49  84 101  90  61  39
 166 173 176 179 183 184 164  68  41 136 191 199 194 200 200 144
  89 120 129 139 123  82  29  47 172 196 181  99 141 151 106 193
  13  15  15  16  16  17  22 154 193 188  61  93 202 205 127  65
  12  13  13  14  14  17  85 187 192 144  26  68 197 203  98  40
  11  12  12  14  14  17 148 189 192 124  25  27  67  78  37  37
  13  11  12  13  15  37 182 190 193 147  27  27  30  31  33  37
  91  13  13  14  15  72 185 190 194 192  71  27  29  31  33  65
 157  34  13  14  15  94 186 191 193 196 181  92  47  50  93 186
 171 175 165  33  16 143 187 181  52 179  58  22  57  25  28  33
 172 174 117  13  16 123 184 164  28 130  87  25  23  26  29  33
 175 177 102  13  17  29  66  31  19 115  90  23  25  26  29  32
 173 175 148  17  15  17  18  18  26 166  73  27  26  26  29  33
 174 175 176  99  20  18  16  18 110 188  39  25  28  26  31  36
 175 175 179 181 143  95 100 151 193 135  25  26  29  30  31  34
 174 176 180 183 186 188 189 193 182  49  25  25  26  30  35  36
 173 177 180 183 186 188 190 188  77  23  50  91 106  94  65  44
 167 175 178 182 184 184 162  71  46 142 198 203 192 200 202 151
  88 117 129 139 123  78  30  47 178 197 179  95 145 153 104 190
  13  15  18  17  16  22  29 161 194 190  57  95 203 206 129  64
  13  11  14  17  16  16  94 189 194 144  28  67 197 204 103  43
  12  12  13  16  16  18 155 191 194 126  29  28  61  74  38  38
  15  12  13  15  16  42 184 192 194 153  29  28  32  36  37  39
  95  12  14  17  19  77 186 192 195 194  77  30  32  35  35  66
 164  36  14  14  15 101 188 192 195 198 183 101  52  54  95 186

  28  28  29  29  31  32  32  39 149 192  66  39  36  37  63 184
  27  26  27  28  26  29  32  64 198 108 123  96  36  33  32  93
  26  25  26  26  25  26  28  93 199 155 204 203  79  31  28  52
  52  22  22  24  23  22  27 104 195 146 201 197  67  28  27  49
  20  20  20  21  22  20  22  88 199 100  92  65  27  26  27  93
  57  84  88  72  38  21  20  50 189 180  63  24  24  26  72 180
 175 127 110 160 184 133  48  22 138 196 188 144 121 146 192 196
  49  21  16  22 104 190 178  76  40 170 191 191 191 193 194 192
 177 162  27  12  16 149 189 184  67  45 153 186 189 189 188 190
 183 180  63  14  15  98 188 187 162  30  26  85 147 182 185 184
 140 118  21  12  14  93 183 185 182  83  16  13  14  34  68  94
  13  12  11  11  20 134 181 181 180 124  12  11  11  13  12  11
  35  13  12  15  99 176 177 178 176 137  14  14  12  13  12  12
 158 110  95 141 173 173 174 173 173 128  16  11  11  12  11  12
 168 168 170 168 169 171 170 171 170 120  10  11  10  10  11  31
 165 167 167 167 167 168 167 166 163  84   9  11  10  10  88 155
  29  31  32  29  31  34  34  39 144 193  65  40  37  37  65 186
  27  28  29  27  28  30  32  61 200 106 127  98  37  33  33  93
  25  26  26  25  26  26  30  90 200 151 205 203  78  31  31  50
  56  26  25  24  26  24  28 101 194 141 202 197  67  30  29  47
  24  23  23  23  23  23  25  84 199  99  93  68  27  27  27  92
  56  85  88  71  38  24  23  49 191 181  61  26  25  27  71 181
 178 127 114 161 185 134  47  22 136 196 188 144 124 147 192 196
  48  25  19  23 103 191 179  75  41 172 193 192 192 193 194 193
 178 163  32  17  16 146 191 188  68  47 154 187 189 190 190 191
 184 184  66  16  17  93 188 188 164  29  22  85 148 182 185 186
 141 121  24  16  16  90 186 186 184  82  17  17  17  37  72  94
  14  13  15  14  19 135 181 183 183 123  16  14  14  15  15  15
  36  14  14  15  94 176 179 180 179 139  16  14  14  13  14  14
 162 116 100 144 175 176 176 176 176 129  15  13  12  12  13  13
 171 171 172 171 172 173 174 173 173 120  15  13  12  11  13  34
 167 169 170 169 170 171 172 171 166  89  13  12  11  13  91 157
  33  33  32  33  36  34  36  44 151 190  64  43  38  39  66 186
  28  29  29  29  31  31  35  65 202 104 129 103  38  37  35  95
  25  26  26  26  26  30  30  94 200 153 206 204  74  36  35  54
  57  23  25  26  28  29  26 106 192 145 203 197  61  32  32  52
  22  25  23  27  25  26  25  91 203  95  95  67  28  28  30 101
  58  87  90  73  39  25  25  50 198 179  57  28  29  29  77 183
 179 130 115 166 188 135  49  23 142 197 190 144 126 153 194 198
  52  28  19  26 110 193 182  77  46 178 194 194 194 194 195 195
 181 164  31  18  18 151 193 188  71  47 161 189 191 192 192 192
 187 184  66  18  16 100 189 190 162  30  29  94 155 184 186 188
 143 123  29  17  18  95 188 188 184  78  22  16  18  42  77 101
  16  16  17  15  20 143 186 186 184 123  16  16  16  16  19  15
  33  13  13  17  99 181 183 183 182 139  17  17  16  15  17  14
 165 117 102 148 176 179 180 180 178 129  18  14  13  13  14  14
 175 174 177 175 175 175 176 177 175 117  15  11  12  12  12  36
 171 172 175 173 174 175 174 173 167  88  13  13  12  15  95 164

