  64  43 130 184 181 176 172 168 164 159 158 153 124  39  36  25
  62 161 190 186 181 177 174 169 163 160 159 155 151 137  43  31
 153 193 190 185 182 178 175 169 164 160 158 154 150 146 135  32
 198 194 192 186 183 178 174 169 163 160 157 152 149 145 141 106
 197 193 190 186 182 177 143 118 125 158 157 153 150 144 141 136
 196 192 190 185 177  83  22  18  17  50 148 152 149 145 140 135
 196 194 190 184 109  23  19  19  16  17  66 153 150 145 142 137
 196 194 190 185  67  22  20  19  15  15  23 151 148 145 142 136
 198 193 190 185  65  24  41  30  18  17  23 153 148 145 141 138
 195 192 189 183 110  51 170 140  19  18  73 151 148 145 142 138
 196 192 187 184 179  96 159 117  20  51 144 153 149 145 141 137
 195 192 189 185 180 177 141 113 127 160 156 153 149 146 140 136
 194 192 188 184 180 178 172 166 162 159 157 153 149 143 140 112
 181 192 188 183 179 176 171 167 163 160 156 153 148 143 134  41
  74 182 187 184 180 175 171 166 162 159 154 151 147 138  54  21
  61  74 161 170 148 159 171 166 160 156 154 149 130  46  23  27
 163  50 130 173 169 165 163 159 156 153 152 148 137  77 114 130
 104 151 177 174 169 166 163 160 156 153 152 150 147 141  75  97
 146 180 177 173 169 166 164 160 157 153 151 149 146 143 139  62
 184 181 178 173 170 167 163 160 156 153 151 148 145 142 140 123
 184 180 176 173 169 165 135 112 119 152 151 147 145 142 140 135
 183 180 177 172 166  81  22  20  19  50 143 148 145 143 139 135
 183 181 177 172 103  24  21  19  18  17  67 147 146 143 140 137
 183 181 177 172  63  23  21  19  18  17  26 147 144 142 140 137
 185 180 177 172  63  24  40  30  18  18  26 147 145 143 140 138
 183 180 176 170 104  49 160 134  20  18  70 148 144 143 140 137
 184 179 174 171 168  91 149 112  21  49 139 147 145 143 139 137
 183 179 176 173 169 165 133 109 122 153 150 148 145 142 140 136
 182 180 175 172 168 166 162 159 156 153 151 149 145 142 139 127
 176 179 175 171 168 166 162 158 156 153 151 148 145 141 137  63
 100 171 175 171 169 165 161 159 156 153 149 147 144 140  75  94
 160 116 155 160 144 152 161 159 155 151 149 146 128  71 108 127
 170  45 125 164 161 159 157 155 153 151 150 149 139  82 126 150
 103 144 168 165 162 160 157 155 153 151 150 148 146 145  83 109
 139 170 168 164 163 161 159 156 153 150 149 148 147 144 142  69
 174 171 168 165 163 160 157 155 152 149 149 146 144 142 141 132
 173 170 166 164 162 159 125 106 114 148 148 146 144 143 139 140
 173 169 167 163 158  74  20  18  18  46 140 147 145 142 140 137
 173 170 166 163  97  20  17  17  18  17  63 146 146 144 141 139
 173 171 168 163  60  20  17  19  17  16  25 145 145 144 141 139
 173 171 168 164  58  21  39  32  19  16  24 146 144 143 141 139
 173 170 166 163 100  48 155 132  20  17  70 147 145 143 142 140
 172 169 165 164 160  86 144 109  21  47 136 146 146 143 142 138
 171 169 166 164 161 159 127 106 118 149 149 147 146 144 141 139
 171 169 167 163 161 160 157 154 153 150 150 147 144 143 141 135
 169 169 166 163 161 159 156 155 152 150 149 148 144 142 139  72
 100 165 165 163 162 159 157 155 153 150 149 147 144 140  82 108
 168 116 150 153 138 147 156 155 153 150 147 145 131  79 123 146

  25  31  32 106 136 135 137 136 138 138 137 136 112  41  21  27
  36  43 135 141 141 140 142 142 141 142 141 140 140 134  54  23
  39 137 146 145 144 145 145 145 145 145 145 146 143 143 138  46
 124 151 150 149 150 149 150 148 148 148 149 149 149 148 147 130
 153 155 154 152 153 152 153 151 153 151 153 153 153 153 151 149
 158 159 158 157 157 148  66  23  23  73 144 156 157 156 154 154
 159 160 160 160 158  50  17  15  17  18  51 160 159 160 159 156
 164 163 164 163 125  17  16  15  18  19  20 127 162 163 162 160
 168 169 169 169 118  18  19  19  30 140 117 113 166 167 166 166
 172 174 175 174 143  22  19  20  41 170 159 141 172 171 171 171
 176 177 178 178 177  83  23  22  24  51  96 177 178 176 175 159
 181 181 182 183 182 177 109  67  65 110 179 180 180 179 180 148
 184 186 185 186 186 185 184 185 185 183 184 185 184 183 184 170
 130 190 190 192 190 190 190 190 190 189 187 189 188 188 187 161
  43 161 193 194 193 192 194 194 193 192 192 192 192 192 182  74
  64  62 153 198 197 196 196 196 198 195 196 195 194 181  74  61
 130  97  62 123 135 135 137 137 138 137 137 136 127  63  94 127
 114  75 139 140 140 139 140 140 140 140 139 140 139 137  75 108
  77 141 143 142 142 143 143 142 143 143 143 142 142 141 140  71
 137 147 146 145 145 145 146 144 145 144 145 145 145 145 144 128
 148 150 149 148 147 148 147 147 147 148 147 148 149 148 147 146
 152 152 151 151 151 143  67  26  26  70 139 150 151 151 149 149
 153 153 153 153 152  50  17  17  18  18  49 153 153 153 153 151
 156 156 157 156 119  19  18  18  18  20  21 122 156 156 156 155
 159 160 160 160 112  20  19  19  30 134 112 109 159 158 159 159
 163 163 164 163 135  22  21  21  40 160 149 133 162 162 161 161
 165 166 166 167 165  81  24  23  24  49  91 165 166 166 165 152
 169 169 169 170 169 166 103  63  63 104 168 169 168 168 169 144
 173 174 173 173 173 172 172 172 172 170 171 173 172 171 171 160
 130 177 177 178 176 177 177 177 177 176 174 176 175 175 175 155
  50 151 180 181 180 180 181 181 180 180 179 179 180 179 171 116
 163 104 146 184 184 183 183 183 185 183 184 183 182 176 100 160
 150 109  69 132 140 137 139 139 139 140 138 139 135  72 108 146
 126  83 142 141 139 140 141 141 141 142 142 141 141 139  82 123
  82 145 144 142 143 142 144 144 143 143 143 144 143 142 140  79
 139 146 147 144 144 145 146 145 144 145 146 146 144 144 144 131
 149 148 148 146 146 147 146 145 146 147 146 147 147 148 147 145
 150 150 149 149 148 140  63  25  24  70 136 149 150 149 149 147
 151 151 150 149 148  46  17  16  16  17  47 149 150 150 150 150
 153 153 153 152 114  18  18  17  19  20  21 118 153 152 153 153
 155 155 156 155 106  18  17  19  32 132 109 106 154 155 155 155
 157 157 159 157 125  20  17  17  39 155 144 127 157 156 157 156
 159 160 161 160 159  74  20  20  21  48  86 159 160 159 159 147
 161 162 163 163 162 158  97  60  58 100 160 161 161 161 162 138
 164 165 164 165 164 163 163 163 164 163 164 164 163 163 163 153
 125 168 168 168 166 167 166 168 168 166 165 166 167 166 165 150
  45 144 170 171 170 169 170 171 171 170 169 169 169 169 165 116
 170 103 139 174 173 173 173 173 173 173 172 171 171 169 100 168

  27  23  46 130 149 154 156 160 166 171 159 148 170 161  74  61
  21  54 138 147 151 154 159 162 166 171 175 180 184 187 182  74
  41 134 143 148 153 156 160 163 167 171 176 179 183 188 192 181
 112 140 143 149 153 157 159 162 166 172 178 180 184 188 192 194
 136 140 146 149 153 156 160 127 113 141 177 180 185 189 192 195
 137 141 145 149 153 144  51  20 117 159  96 179 184 187 192 196
 138 142 145 148 151  73  18  19 140 170  51 110 183 189 192 195
 138 141 145 148 153  23  17  18  30  41  24  65 185 190 193 198
 136 142 145 148 151  23  15  15  19  20  22  67 185 190 194 196
 137 142 145 150 153  66  17  16  19  19  23 109 184 190 194 196
 135 140 145 149 152 148  50  17  18  22  83 177 185 190 192 196
 136 141 144 150 153 157 158 125 118 143 177 182 186 190 193 197
 106 141 145 149 152 157 160 163 169 174 178 183 186 192 194 198
  32 135 146 150 154 158 160 164 169 175 178 182 185 190 193 153
  31  43 137 151 155 159 160 163 169 174 177 181 186 190 161  62
  25  36  39 124 153 158 159 164 168 172 176 181 184 130  43  64
 127 108  71 128 146 149 151 155 159 161 152 144 160 155 116 160
  94  75 140 144 147 149 153 156 159 161 165 169 171 175 171 100
  63 137 141 145 148 151 153 156 158 162 166 168 171 175 179 176
 127 139 142 145 149 151 153 156 159 162 166 168 172 175 180 182
 136 140 142 145 148 150 153 122 109 133 165 169 173 176 179 183
 137 139 143 145 147 139  49  21 112 149  91 168 171 174 179 184
 137 140 143 144 148  70  18  20 134 160  49 104 170 176 180 183
 138 140 143 145 147  26  18  18  30  40  24  63 172 177 180 185
 137 140 142 144 147  26  17  18  19  21  23  63 172 177 181 183
 137 140 143 146 147  67  17  18  19  21  24 103 172 177 181 183
 135 139 143 145 148 143  50  19  20  22  81 166 172 177 180 183
 135 140 142 145 147 151 152 119 112 135 165 169 173 176 180 184
 123 140 142 145 148 151 153 156 160 163 167 170 173 178 181 184
  62 139 143 146 149 151 153 157 160 164 166 169 173 177 180 146
  97  75 141 147 150 152 153 156 160 163 166 169 174 177 151 104
 130 114  77 137 148 152 153 156 159 163 165 169 173 130  50 163
 146 123  79 131 145 147 150 153 155 156 147 138 153 150 116 168
 108  82 140 144 147 149 150 153 155 157 159 162 163 165 165 100
  72 139 142 144 148 149 150 152 155 156 159 161 163 166 169 169
 135 141 143 144 147 150 150 153 154 157 160 161 163 167 169 171
 139 141 144 146 147 149 149 118 106 127 159 161 164 166 169 171
 138 142 143 146 146 136  47  21 109 144  86 160 164 165 169 172
 140 142 143 145 147  70  17  20 132 155  48 100 163 166 170 173
 139 141 143 144 146  24  16  19  32  39  21  58 164 168 171 173
 139 141 144 145 145  25  16  17  19  17  20  60 163 168 171 173
 139 141 144 146 146  63  17  18  17  17  20  97 163 166 170 173
 137 140 142 145 147 140  46  18  18  20  74 158 163 167 169 173
 140 139 143 144 146 148 148 114 106 125 159 162 164 166 170 173
 132 141 142 144 146 149 149 152 155 157 160 163 165 168 171 174
  69 142 144 147 148 149 150 153 156 159 161 163 164 168 170 139
 109  83 145 146 148 150 151 153 155 157 160 162 165 168 144 103
 150 126  82 139 149 150 151 153 155 157 159 161 164 125  45 170

  61  74 181 194 195 196 195 198 196 196 196 197 198 153  62  64
  74 182 192 192 192 192 192 193 194 194 192 193 194 193 161  43
 161 187 188 188 189 187 189 190 190 190 190 190 192 190 190 130
 170 184 183 184 185 184 183 185 185 184 185 186 186 185 186 184
 148 180 179 180 180 179 110  65  67 109 177 182 183 182 181 181
 159 175 176 178 177  96  51  24  22  23  83 177 178 178 177 176
 171 171 171 172 141 159 170  41  20  19  22 143 174 175 174 172
 166 166 167 166 113 117 140  30  19  19  18 118 169 169 169 168
 160 162 163 162 127  20  19  18  15  16  17 125 163 164 163 164
 156 159 160 159 160  51  18  17  15  17  50 158 160 160 160 159
 154 154 156 157 156 144  73  23  23  66 148 157 157 158 159 158
 149 151 153 153 153 153 151 153 151 153 152 153 152 154 155 153
 130 147 148 149 149 149 148 148 148 150 149 150 149 150 151 124
  46 138 143 143 146 145 145 145 145 145 145 144 145 146 137  39
  23  54 134 140 140 141 142 141 142 142 140 141 141 135  43  36
  27  21  41 112 136 137 138 138 136 137 135 136 106  32  31  25
 160 100 176 182 183 184 183 185 183 183 183 184 184 146 104 163
 116 171 179 180 179 179 180 180 181 181 180 180 181 180 151  50
 155 175 175 175 176 174 176 177 177 177 177 176 178 177 177 130
 160 171 171 172 173 171 170 172 172 172 172 173 173 173 174 173
 144 169 168 168 169 168 104  63  63 103 166 169 170 169 169 169
 152 165 166 166 165  91  49  24  23  24  81 165 167 166 166 165
 161 161 162 162 133 149 160  40  21  21  22 135 163 164 163 163
 159 159 158 159 109 112 134  30  19  19  20 112 160 160 160 159
 155 156 156 156 122  21  20  18  18  18  19 119 156 157 156 156
 151 153 153 153 153  49  18  18  17  17  50 152 153 153 153 153
 149 149 151 151 150 139  70  26  26  67 143 151 151 151 152 152
 146 147 148 149 148 147 148 147 147 147 148 147 148 149 150 148
 128 144 145 145 145 145 144 145 144 146 145 145 145 146 147 137
  71 140 141 142 142 143 143 143 142 143 143 142 142 143 141  77
 108  75 137 139 140 139 140 140 140 140 139 140 140 139  75 114
 127  94  63 127 136 137 137 138 137 137 135 135 123  62  97 130
 168 100 169 171 171 172 173 173 173 173 173 173 174 139 103 170
 116 165 169 169 169 169 170 171 171 170 169 170 171 170 144  45
 150 165 166 167 166 165 166 168 168 166 167 166 168 168 168 125
 153 163 163 163 164 164 163 164 163 163 163 164 165 164 165 164
 138 162 161 161 161 160 100  58  60  97 158 162 163 163 162 161
 147 159 159 160 159  86  48  21  20  20  74 159 160 161 160 159
 156 157 156 157 127 144 155  39  17  17  20 125 157 159 157 157
 155 155 155 154 106 109 132  32  19  17  18 106 155 156 155 155
 153 153 152 153 118  21  20  19  17  18  18 114 152 153 153 153
 150 150 150 150 149  47  17  16  16  17  46 148 149 150 151 151
 147 149 149 150 149 136  70  24  25  63 140 148 149 149 150 150
 145 147 148 147 147 146 147 146 145 146 147 146 146 148 148 149
 131 144 144 144 146 146 145 144 145 146 145 144 144 147 146 139
  79 140 142 143 144 143 143 143 144 144 142 143 142 144 145  82
 123  82 139 141 141 142 142 141 141 141 140 139 141 142  83 126
 146 108  72 135 139 138 140 139 139 139 137 140 132  69 109 150

