  85  80  80  80  77  75  74  71  70  69  68  60  42  45  44  48
  87  86  81  78  72  72  71  91 109  81  69  59  63  63  59  56
  73  70  76 151 189 223 250 250 250 249 250 223 164  76  65  55
  84  90 195 254 252 252 250 250 251 249 248 248 246 226 101  58
  84 192 254 253 237 156  86  87  87 111 177 246 245 242 223  96
 164 254 253 183  69  58  57  63 187  52  48  73 204 239 235 206
 251 254 187  66 129 172 167  87 117 118 161  55  66 220 234 232
 254 246  83 144 251 250 250 249 118 240 247 125  40  91 232 231
 254 171  66 236 251 250 250 249 189 135 178  54  38  42 193 232
 254 120  65 253 251 250 250 249 203  45  39  36  36  36 145 231
 254 112  62 179 250 250 250 249 149  45  40  36  36  36 134 228
 254 113  56  61 178 249 242 158  51  43  36  36  36  36 134 228
 253 154  56  51  52  46  45  44  39  37  34  34  34  36 158 228
 253 230  57  52  46  47  44  41  41  36  34  34  36  44 216 225
 253 252 138  54  51  46  40  42  40  38  36  36  38 142 230 224
 208 253 252 122  53  44  43  42  42  40  39  42 103 231 230 225
  68  64  66  65  61  57  56  56  57  57  54  49  39  39  34  36
  69  68  66  66  65  59  62  84 101  69  58  51  51  47  43  40
  60  58  62 144 185 221 250 248 244 239 239 210 154  64  48  41
  70  76 190 254 254 254 250 247 243 240 239 235 231 213  89  44
  70 186 254 254 238 158  85  82  82 109 169 232 230 229 212  82
 159 254 254 184  65  59  56  59 177  49  47  75 199 227 225 199
 251 254 187  63 126 168 163  82 113 112 154  50  62 212 224 222
 254 244  77 141 254 253 249 244 112 229 232 122  40  93 223 222
 254 167  61 236 254 251 246 243 182 131 171  54  38  42 186 221
 254 114  60 254 253 248 246 242 194  44  39  36  35  37 141 221
 254 108  60 179 253 249 247 242 146  45  42  37  37  37 134 220
 254 110  54  59 176 246 236 154  51  42  39  37  38  37 133 219
 254 149  55  50  50  46  46  45  39  37  36  34  33  38 154 219
 254 232  55  48  46  46  45  41  40  36  35  34  36  45 209 218
 254 254 137  53  48  44  41  42  40  38  37  36  39 137 220 218
 208 254 253 122  50  43  43  43  42  39  39  40 103 221 220 218
 198 195 200 205 205 206 204 201 198 197 198 181 132 113 133 154
 210 201 177 151 123 119 102 114 127 101 108 135 178 192 192 190
 133 128 132 162 184 214 241 238 233 232 230 208 171 152 188 189
 212 176 212 250 245 246 238 236 233 230 226 226 226 214 161 189
 172 194 251 248 225 142  82  82  82 102 161 226 224 224 213 187
 166 252 246 170  64  59  57  64 174  54  53  72 192 223 221 209
 251 253 179  62 125 165 163  88 110 112 159  62  67 206 219 218
 254 239  73 144 239 241 234 232 114 222 224 123  44  92 218 218
 253 160  62 228 240 237 232 231 175 127 167  56  42  45 181 216
 252 113  58 247 240 234 232 229 184  46  43  40  39  40 139 216
 253 104  60 176 237 237 233 228 138  45  44  40  41  41 134 215
 251 108  55  55 160 233 224 146  53  45  40  40  43  43 133 215
 246 146  55  51  49  43  44  47  40  41  39  39  39  42 151 214
 248 224  52  51  50  48  47  47  45  40  37  36  41  54 204 214
 250 245 134  54  48  46  44  45  44  41  40  41  43 142 216 212
 210 247 242 121  50  45  45  45  44  42  43  46 106 216 214 214

  48  56  55  58  96 206 232 231 232 231 228 228 228 225 224 225
  44  59  65 101 223 235 234 232 193 145 134 134 158 216 230 230
  45  63  76 226 242 239 220  91  42  36  36  36  36  44 142 231
  42  63 164 246 245 204  66  40  38  36  36  36  34  36  38 103
  60  59 223 248 246  73  55 125  54  36  36  36  34  34  36  42
  68  69 250 248 177  48 161 247 178  39  40  36  34  34  36  39
  69  81 249 249 111  52 118 240 135  45  45  43  37  36  38  40
  70 109 250 251  87 187 117 118 189 203 149  51  39  41  40  42
  71  91 250 250  87  63  87 249 249 249 249 158  44  41  42  42
  74  71 250 250  86  57 167 250 250 250 250 242  45  44  40  43
  75  72 223 252 156  58 172 250 250 250 250 249  46  47  46  44
  77  72 189 252 237  69 129 251 251 251 250 178  52  46  51  53
  80  78 151 254 253 183  66 144 236 253 179  61  51  52  54 122
  80  81  76 195 254 253 187  83  66  65  62  56  56  57 138 252
  80  86  70  90 192 254 254 246 171 120 112 113 154 230 252 253
  85  87  73  84  84 164 251 254 254 254 254 254 253 253 253 208
  36  40  41  44  82 199 222 222 221 221 220 219 219 218 218 218
  34  43  48  89 212 225 224 223 186 141 134 133 154 209 220 220
  39  47  64 213 229 227 212  93  42  37  37  37  38  45 137 221
  39  51 154 231 230 199  62  40  38  35  37  38  33  36  39 103
  49  51 210 235 232  75  50 122  54  36  37  37  34  34  36  40
  54  58 239 239 169  47 154 232 171  39  42  39  36  35  37  39
  57  69 239 240 109  49 112 229 131  44  45  42  37  36  38  39
  57 101 244 243  82 177 113 112 182 194 146  51  39  40  40  42
  56  84 248 247  82  59  82 244 243 242 242 154  45  41  42  43
  56  62 250 250  85  56 163 249 246 246 247 236  46  45  41  43
  57  59 221 254 158  59 168 253 251 248 249 246  46  46  44  43
  61  65 185 254 238  65 126 254 254 253 253 176  50  46  48  50
  65  66 144 254 254 184  63 141 236 254 179  59  50  48  53 122
  66  66  62 190 254 254 187  77  61  60  60  54  55  55 137 253
  64  68  58  76 186 254 254 244 167 114 108 110 149 232 254 254
  68  69  60  70  70 159 251 254 254 254 254 254 254 254 254 208
 154 190 189 189 187 209 218 218 216 216 215 215 214 214 212 214
 133 192 188 161 213 221 219 218 181 139 134 133 151 204 216 214
 113 192 152 214 224 223 206  92  45  40  41  43  42  54 142 216
 132 178 171 226 224 192  67  44  42  39  41  43  39  41  43 106
 181 135 208 226 226  72  62 123  56  40  40  40  39  36  41  46
 198 108 230 226 161  53 159 224 167  43  44  40  39  37  40  43
 197 101 232 230 102  54 112 222 127  46  45  45  41  40  41  42
 198 127 233 233  82 174 110 114 175 184 138  53  40  45  44  44
 201 114 238 236  82  64  88 232 231 229 228 146  47  47  45  45
 204 102 241 238  82  57 163 234 232 232 233 224  44  47  44  45
 206 119 214 246 142  59 165 241 237 234 237 233  43  48  46  45
 205 123 184 245 225  64 125 239 240 240 237 160  49  50  48  50
 205 151 162 250 248 170  62 144 228 247 176  55  51  51  54 121
 200 177 132 212 251 246 179  73  62  58  60  55  55  52 134 242
 195 201 128 176 194 252 253 239 160 113 104 108 146 224 245 247
 198 210 133 212 172 166 251 254 253 252 253 251 246 248 250 210

 225 230 231 103  42  39  40  42  42  43  44  53 122 252 253 208
 224 230 142  38  36  36  38  40  42  40  46  51  54 138 252 253
 225 216  44  36  34  34  36  41  41  44  47  46  52  57 230 253
 228 158  36  34  34  34  37  39  44  45  46  52  51  56 154 253
 228 134  36  36  36  36  43  51 158 242 249 178  61  56 113 254
 228 134  36  36  36  40  45 149 249 250 250 250 179  62 112 254
 231 145  36  36  36  39  45 203 249 250 250 251 253  65 120 254
 232 193  42  38  54 178 135 189 249 250 250 251 236  66 171 254
 231 232  91  40 125 247 240 118 249 250 250 251 144  83 246 254
 232 234 220  66  55 161 118 117  87 167 172 129  66 187 254 251
 206 235 239 204  73  48  52 187  63  57  58  69 183 253 254 164
  96 223 242 245 246 177 111  87  87  86 156 237 253 254 192  84
  58 101 226 246 248 248 249 251 250 250 252 252 254 195  90  84
  55  65  76 164 223 250 249 250 250 250 223 189 151  76  70  73
  56  59  63  63  59  69  81 109  91  71  72  72  78  81  86  87
  48  44  45  42  60  68  69  70  71  74  75  77  80  80  80  85
 218 220 221 103  40  39  39  42  43  43  43  50 122 253 254 208
 218 220 137  39  36  37  38  40  42  41  44  48  53 137 254 254
 218 209  45  36  34  35  36  40  41  45  46  46  48  55 232 254
 219 154  38  33  34  36  37  39  45  46  46  50  50  55 149 254
 219 133  37  38  37  39  42  51 154 236 246 176  59  54 110 254
 220 134  37  37  37  42  45 146 242 247 249 253 179  60 108 254
 221 141  37  35  36  39  44 194 242 246 248 253 254  60 114 254
 221 186  42  38  54 171 131 182 243 246 251 254 236  61 167 254
 222 223  93  40 122 232 229 112 244 249 253 254 141  77 244 254
 222 224 212  62  50 154 112 113  82 163 168 126  63 187 254 251
 199 225 227 199  75  47  49 177  59  56  59  65 184 254 254 159
  82 212 229 230 232 169 109  82  82  85 158 238 254 254 186  70
  44  89 213 231 235 239 240 243 247 250 254 254 254 190  76  70
  41  48  64 154 210 239 239 244 248 250 221 185 144  62  58  60
  40  43  47  51  51  58  69 101  84  62  59  65  66  66  68  69
  36  34  39  39  49  54  57  57  56  56  57  61  65  66  64  68
 214 214 216 106  46  43  42  44  45  45  45  50 121 242 247 210
 212 216 142  43  41  40  41  44  45  44  46  48  54 134 245 250
 214 204  54  41  36  37  40  45  47  47  48  50  51  52 224 248
 214 151  42  39  39  39  41  40  47  44  43  49  51  55 146 246
 215 133  43  43  40  40  45  53 146 224 233 160  55  55 108 251
 215 134  41  41  40  44  45 138 228 233 237 237 176  60 104 253
 216 139  40  39  40  43  46 184 229 232 234 240 247  58 113 252
 216 181  45  42  56 167 127 175 231 232 237 240 228  62 160 253
 218 218  92  44 123 224 222 114 232 234 241 239 144  73 239 254
 218 219 206  67  62 159 112 110  88 163 165 125  62 179 253 251
 209 221 223 192  72  53  54 174  64  57  59  64 170 246 252 166
 187 213 224 224 226 161 102  82  82  82 142 225 248 251 194 172
 189 161 214 226 226 226 230 233 236 238 246 245 250 212 176 212
 189 188 152 171 208 230 232 233 238 241 214 184 162 132 128 133
 190 192 192 178 135 108 101 127 114 102 119 123 151 177 201 210
 154 133 113 132 181 198 197 198 201 204 206 205 205 200 195 198

 208 253 253 253 254 254 254 254 254 251 164  84  84  73  87  85
 253 252 230 154 113 112 120 171 246 254 254 192  90  70  86  80
 252 138  57  56  56  62  65  66  83 187 253 254 195  76  81  80
 122  54  52  51  61 179 253 236 144  66 183 253 254 151  78  80
  53  51  46  52 178 250 251 251 251 129  69 237 252 189  72  77
  44  46  47  46 249 250 250 250 250 172  58 156 252 223  72  75
  43  40  44  45 242 250 250 250 250 167  57  86 250 250  71  74
  42  42  41  44 158 249 249 249 249  87  63  87 250 250  91  71
  42  40  41  39  51 149 203 189 118 117 187  87 251 250 109  70
  40  38  36  37  43  45  45 135 240 118  52 111 249 249  81  69
  39  36  34  34  36  40  39 178 247 161  48 177 248 250  69  68
  42  36  34  34  36  36  36  54 125  55  73 246 248 223  59  60
 103  38  36  34  36  36  36  38  40  66 204 245 246 164  63  42
 231 142  44  36  36  36  36  42  91 220 239 242 226  76  63  45
 230 230 216 158 134 134 145 193 232 234 235 223 101  65  59  44
 225 224 225 228 228 228 231 232 231 232 206  96  58  55  56  48
 208 254 254 254 254 254 254 254 254 251 159  70  70  60  69  68
 254 254 232 149 110 108 114 167 244 254 254 186  76  58  68  64
 253 137  55  55  54  60  60  61  77 187 254 254 190  62  66  66
 122  53  48  50  59 179 254 236 141  63 184 254 254 144  66  65
  50  48  46  50 176 253 253 254 254 126  65 238 254 185  65  61
  43  44  46  46 246 249 248 251 253 168  59 158 254 221  59  57
  43  41  45  46 236 247 246 246 249 163  56  85 250 250  62  56
  43  42  41  45 154 242 242 243 244  82  59  82 247 248  84  56
  42  40  40  39  51 146 194 182 112 113 177  82 243 244 101  57
  39  38  36  37  42  45  44 131 229 112  49 109 240 239  69  57
  39  37  35  36  39  42  39 171 232 154  47 169 239 239  58  54
  40  36  34  34  37  37  36  54 122  50  75 232 235 210  51  49
 103  39  36  33  38  37  35  38  40  62 199 230 231 154  51  39
 221 137  45  38  37  37  37  42  93 212 227 229 213  64  47  39
 220 220 209 154 133 134 141 186 223 224 225 212  89  48  43  34
 218 218 218 219 219 220 221 221 222 222 199  82  44  41  40  36
 210 250 248 246 251 253 252 253 254 251 166 172 212 133 210 198
 247 245 224 146 108 104 113 160 239 253 252 194 176 128 201 195
 242 134  52  55  55  60  58  62  73 179 246 251 212 132 177 200
 121  54  51  51  55 176 247 228 144  62 170 248 250 162 151 205
  50  48  50  49 160 237 240 240 239 125  64 225 245 184 123 205
  45  46  48  43 233 237 234 237 241 165  59 142 246 214 119 206
  45  44  47  44 224 233 232 232 234 163  57  82 238 241 102 204
  45  45  47  47 146 228 229 231 232  88  64  82 236 238 114 201
  44  44  45  40  53 138 184 175 114 110 174  82 233 233 127 198
  42  41  40  41  45  45  46 127 222 112  54 102 230 232 101 197
  43  40  37  39  40  44  43 167 224 159  53 161 226 230 108 198
  46  41  36  39  40  40  40  56 123  62  72 226 226 208 135 181
 106  43  41  39  43  41  39  42  44  67 192 224 226 171 178 132
 216 142  54  42  43  41  40  45  92 206 223 224 214 152 192 113
 214 216 204 151 133 134 139 181 218 219 221 213 161 188 192 133
 214 212 214 214 215 215 216 216 218 218 209 187 189 189 190 154

