 156 179 183 181 161 170 175 174 171 169 166 164 162 161 157 152
 189 187 185 173 105  80 161 173 172 169 167 165 164 160 157 156
 190 187 184 178 144 133 105 172 169 169 166 164 162 160 158 156
 186 188 182 193 154 173  77 148 170 168 166 163 160 152 156 155
 151 187 210 232 215 177 148  79 168 167 167 164 162 156 104 154
 109 219 235 236 228 204 176 123 112 168 167 165 163 160 146  92
 150 237 235 233 229 224 184 172  98 141 166 165 164 160 157 107
 204 241 238 233 229 227 213 175 164  90 156 164 161 160 157 150
 241 242 238 234 230 228 223 195 169 149  95 159 161 160 157 155
 246 240 236 233 229 228 224 220 176 169 150 126 159 157 156 155
 245 241 237 234 230 226 223 219 214 168 165 157 156 158 157 155
 242 238 235 232 230 225 223 220 215 146 141 163 159 158 156 154
 243 239 237 233 229 226 223 220 188  42 189 166 160 157 154 153
 242 239 234 233 229 225 221 218 142  34 163 177 131 157 153 102
 241 239 235 231 229 224 219 217 137  34  33  32  39 113 155 144
 234 240 236 231 228 224 220 218 184  34  28  27  27  32 104 150
 106 116 122 120 108 110 114 113 111 111 108 108 106 105 103 100
 126 124 123 114  75  60 107 112 111 111 109 107 106 105 104 102
 127 125 123 114  98  86  70 111 111 110 109 107 106 104 102 101
 125 125 123 155 123 114  54  98 111 110 108 108 105 100 102 101
 107 128 181 218 199 120  95  53 109 111 108 108 107 101  72  99
  78 188 220 219 216 170 114  79  76 110 108 107 105 104  94  62
 133 221 219 219 217 210 133 112  62  95 107 108 106 104 102  68
 188 222 220 219 217 215 196 119 105  60 103 107 105 105 103  97
 222 223 221 219 217 215 212 167 111  96  68 105 104 104 102 102
 224 222 220 218 216 214 212 209 142 110  95  86 103 103 100  99
 223 222 220 219 216 214 212 208 201 130 105  99 100 101 100  99
 223 220 219 218 216 214 212 209 205 139  98 105 102 102 101 100
 222 221 220 218 216 214 211 209 182  38 178 124 103 101  98  97
 222 220 219 218 216 213 210 208 136  30 157 171  89 101  97  69
 221 221 219 217 215 212 208 207 134  29  31  30  32  76 100  92
 211 220 219 217 215 212 209 207 175  32  26  25  24  28  79  99
  15  21  18  18  25  19  17  19  18  18  16  19  18  18  20  19
  19  17  17  21  26  20  21  18  17  16  16  19  16  17  17  17
  18  18  16  23  28  18  24  19  17  17  16  18  15  16  16  15
  21  19  18  93  77  21  19  26  17  17  18  18  16  17  18  17
  36  30 141 206 183  35  18  23  18  18  19  17  19  19  20  20
  43 150 207 207 205 126  17  17  25  17  19  16  16  17  16  19
 120 208 208 208 206 199  63  17  12  24  17  16  17  15  15  19
 180 209 209 207 206 204 177  33  16  21  24  18  19  16  17  17
 212 211 209 207 206 205 203 130  18  14  17  22  16  14  15  17
 213 210 209 208 206 204 204 199  93  18  13  23  14  15  15  16
 213 210 210 209 206 204 203 200 192  75  17  13  14  16  13  13
 212 209 208 207 205 204 203 201 199 131  23  18  17  15  15  13
 211 210 209 207 205 204 202 201 179  34 162  62  16  17  16  15
 210 209 208 207 205 203 201 200 134  31 157 169  20  17  15  15
 209 210 208 207 205 204 202 200 131  29  29  29  23  24  17  16
 192 208 208 206 205 203 202 201 172  32  25  25  24  21  36  23

 152 156 156 155 154  92 107 150 155 155 155 154 153 102 144 150
 157 157 158 156 104 146 157 157 157 156 157 156 154 153 155 104
 161 160 160 152 156 160 160 160 160 157 158 158 157 157 113  32
 162 164 162 160 162 163 164 161 161 159 156 159 160 131  39  27
 164 165 164 163 164 165 165 164 159 126 157 163 166 177  32  27
 166 167 166 166 167 167 166 156  95 150 165 141 189 163  33  28
 169 169 169 168 167 168 141  90 149 169 168 146  42  34  34  34
 171 172 169 170 168 112  98 164 169 176 214 215 188 142 137 184
 174 173 172 148  79 123 172 175 195 220 219 220 220 218 217 218
 175 161 105  77 148 176 184 213 223 224 223 223 223 221 219 220
 170  80 133 173 177 204 224 227 228 228 226 225 226 225 224 224
 161 105 144 154 215 228 229 229 230 229 230 230 229 229 229 228
 181 173 178 193 232 236 233 233 234 233 234 232 233 233 231 231
 183 185 184 182 210 235 235 238 238 236 237 235 237 234 235 236
 179 187 187 188 187 219 237 241 242 240 241 238 239 239 239 240
 156 189 190 186 151 109 150 204 241 246 245 242 243 242 241 234
 100 102 101 101  99  62  68  97 102  99  99 100  97  69  92  99
 103 104 102 102  72  94 102 103 102 100 100 101  98  97 100  79
 105 105 104 100 101 104 104 105 104 103 101 102 101 101  76  28
 106 106 106 105 107 105 106 105 104 103 100 102 103  89  32  24
 108 107 107 108 108 107 108 107 105  86  99 105 124 171  30  25
 108 109 109 108 108 108 107 103  68  95 105  98 178 157  31  26
 111 111 110 110 111 110  95  60  96 110 130 139  38  30  29  32
 111 111 111 111 109  76  62 105 111 142 201 205 182 136 134 175
 113 112 111  98  53  79 112 119 167 209 208 209 209 208 207 207
 114 107  70  54  95 114 133 196 212 212 212 212 211 210 208 209
 110  60  86 114 120 170 210 215 215 214 214 214 214 213 212 212
 108  75  98 123 199 216 217 217 217 216 216 216 216 216 215 215
 120 114 114 155 218 219 219 219 219 218 219 218 218 218 217 217
 122 123 123 123 181 220 219 220 221 220 220 219 220 219 219 219
 116 124 125 125 128 188 221 222 223 222 222 220 221 220 221 220
 106 126 127 125 107  78 133 188 222 224 223 223 222 222 221 211
  19  17  15  17  20  19  19  17  17  16  13  13  15  15  16  23
  20  17  16  18  20  16  15  17  15  15  13  15  16  15  17  36
  18  17  16  17  19  17  15  16  14  15  16  15  17  17  24  21
  18  16  15  16  19  16  17  19  16  14  14  17  16  20  23  24
  19  19  18  18  17  16  16  18  22  23  13  18  62 169  29  25
  16  16  16  18  19  19  17  24  17  13  17  23 162 157  29  25
  18  16  17  17  18  17  24  21  14  18  75 131  34  31  29  32
  18  17  17  17  18  25  12  16  18  93 192 199 179 134 131 172
  19  18  19  26  23  17  17  33 130 199 200 201 201 200 200 201
  17  21  24  19  18  17  63 177 203 204 203 203 202 201 202 202
  19  20  18  21  35 126 199 204 205 204 204 204 204 203 204 203
  25  26  28  77 183 205 206 206 206 206 206 205 205 205 205 205
  18  21  23  93 206 207 208 207 207 208 209 207 207 207 207 206
  18  17  16  18 141 207 208 209 209 209 210 208 209 208 208 208
  21  17  18  19  30 150 208 209 211 210 210 209 210 209 210 208
  15  19  18  21  36  43 120 180 212 213 213 212 211 210 209 192

 150 104  32  27  27  28  34 184 218 220 224 228 231 236 240 234
 144 155 113  39  32  33  34 137 217 219 224 229 231 235 239 241
 102 153 157 131 177 163  34 142 218 221 225 229 233 234 239 242
 153 154 157 160 166 189  42 188 220 223 226 229 233 237 239 243
 154 156 158 159 163 141 146 215 220 223 225 230 232 235 238 242
 155 157 158 156 157 165 168 214 219 223 226 230 234 237 241 245
 155 156 157 159 126 150 169 176 220 224 228 229 233 236 240 246
 155 157 160 161 159  95 149 169 195 223 228 230 234 238 242 241
 150 157 160 161 164 156  90 164 175 213 227 229 233 238 241 204
 107 157 160 164 165 166 141  98 172 184 224 229 233 235 237 150
  92 146 160 163 165 167 168 112 123 176 204 228 236 235 219 109
 154 104 156 162 164 167 167 168  79 148 177 215 232 210 187 151
 155 156 152 160 163 166 168 170 148  77 173 154 193 182 188 186
 156 158 160 162 164 166 169 169 172 105 133 144 178 184 187 190
 156 157 160 164 165 167 169 172 173 161  80 105 173 185 187 189
 152 157 161 162 164 166 169 171 174 175 170 161 181 183 179 156
  99  79  28  24  25  26  32 175 207 209 212 215 217 219 220 211
  92 100  76  32  30  31  29 134 207 208 212 215 217 219 221 221
  69  97 101  89 171 157  30 136 208 210 213 216 218 219 220 222
  97  98 101 103 124 178  38 182 209 211 214 216 218 220 221 222
 100 101 102 102 105  98 139 205 209 212 214 216 218 219 220 223
  99 100 101 100  99 105 130 201 208 212 214 216 219 220 222 223
  99 100 103 103  86  95 110 142 209 212 214 216 218 220 222 224
 102 102 104 104 105  68  96 111 167 212 215 217 219 221 223 222
  97 103 105 105 107 103  60 105 119 196 215 217 219 220 222 188
  68 102 104 106 108 107  95  62 112 133 210 217 219 219 221 133
  62  94 104 105 107 108 110  76  79 114 170 216 219 220 188  78
  99  72 101 107 108 108 111 109  53  95 120 199 218 181 128 107
 101 102 100 105 108 108 110 111  98  54 114 123 155 123 125 125
 101 102 104 106 107 109 110 111 111  70  86  98 114 123 125 127
 102 104 105 106 107 109 111 111 112 107  60  75 114 123 124 126
 100 103 105 106 108 108 111 111 113 114 110 108 120 122 116 106
  23  36  21  24  25  25  32 172 201 202 203 205 206 208 208 192
  16  17  24  23  29  29  29 131 200 202 204 205 207 208 210 209
  15  15  17  20 169 157  31 134 200 201 203 205 207 208 209 210
  15  16  17  16  62 162  34 179 201 202 204 205 207 209 210 211
  13  15  15  17  18  23 131 199 201 203 204 205 207 208 209 212
  13  13  16  14  13  17  75 192 200 203 204 206 209 210 210 213
  16  15  15  14  23  13  18  93 199 204 204 206 208 209 210 213
  17  15  14  16  22  17  14  18 130 203 205 206 207 209 211 212
  17  17  16  19  18  24  21  16  33 177 204 206 207 209 209 180
  19  15  15  17  16  17  24  12  17  63 199 206 208 208 208 120
  19  16  17  16  16  19  17  25  17  17 126 205 207 207 150  43
  20  20  19  19  17  19  18  18  23  18  35 183 206 141  30  36
  17  18  17  16  18  18  17  17  26  19  21  77  93  18  19  21
  15  16  16  15  18  16  17  17  19  24  18  28  23  16  18  18
  17  17  17  16  19  16  16  17  18  21  20  26  21  17  17  19
  19  20  18  18  19  16  18  18  19  17  19  25  18  18  21  15

 234 241 242 243 242 245 246 241 204 150 109 151 186 190 189 156
 240 239 239 239 238 241 240 242 241 237 219 187 188 187 187 179
 236 235 234 237 235 237 236 238 238 235 235 210 182 184 185 183
 231 231 233 233 232 234 233 234 233 233 236 232 193 178 173 181
 228 229 229 229 230 230 229 230 229 229 228 215 154 144 105 161
 224 224 225 226 225 226 228 228 227 224 204 177 173 133  80 170
 220 219 221 223 223 223 224 223 213 184 176 148  77 105 161 175
 218 217 218 220 220 219 220 195 175 172 123  79 148 172 173 174
 184 137 142 188 215 214 176 169 164  98 112 168 170 169 172 171
  34  34  34  42 146 168 169 149  90 141 168 167 168 169 169 169
  28  33 163 189 141 165 150  95 156 166 167 167 166 166 167 166
  27  32 177 166 163 157 126 159 164 165 165 164 163 164 165 164
  27  39 131 160 159 156 159 161 161 164 163 162 160 162 164 162
  32 113 157 157 158 158 157 160 160 160 160 156 152 160 160 161
 104 155 153 154 156 157 156 157 157 157 146 104 156 158 157 157
 150 144 102 153 154 155 155 155 150 107  92 154 155 156 156 152
 211 221 222 222 223 223 224 222 188 133  78 107 125 127 126 106
 220 221 220 221 220 222 222 223 222 221 188 128 125 125 124 116
 219 219 219 220 219 220 220 221 220 219 220 181 123 123 123 122
 217 217 218 218 218 219 218 219 219 219 219 218 155 114 114 120
 215 215 216 216 216 216 216 217 217 217 216 199 123  98  75 108
 212 212 213 214 214 214 214 215 215 210 170 120 114  86  60 110
 209 208 210 211 212 212 212 212 196 133 114  95  54  70 107 114
 207 207 208 209 209 208 209 167 119 112  79  53  98 111 112 113
 175 134 136 182 205 201 142 111 105  62  76 109 111 111 111 111
  32  29  30  38 139 130 110  96  60  95 110 111 110 110 111 111
  26  31 157 178  98 105  95  68 103 107 108 108 108 109 109 108
  25  30 171 124 105  99  86 105 107 108 107 108 108 107 107 108
  24  32  89 103 102 100 103 104 105 106 105 107 105 106 106 106
  28  76 101 101 102 101 103 104 105 104 104 101 100 104 105 105
  79 100  97  98 101 100 100 102 103 102  94  72 102 102 104 103
  99  92  69  97 100  99  99 102  97  68  62  99 101 101 102 100
 192 209 210 211 212 213 213 212 180 120  43  36  21  18  19  15
 208 210 209 210 209 210 210 211 209 208 150  30  19  18  17  21
 208 208 208 209 208 210 209 209 209 208 207 141  18  16  17  18
 206 207 207 207 207 209 208 207 207 208 207 206  93  23  21  18
 205 205 205 205 205 206 206 206 206 206 205 183  77  28  26  25
 203 204 203 204 204 204 204 205 204 199 126  35  21  18  20  19
 202 202 201 202 203 203 204 203 177  63  17  18  19  24  21  17
 201 200 200 201 201 200 199 130  33  17  17  23  26  19  18  19
 172 131 134 179 199 192  93  18  16  12  25  18  17  17  17  18
  32  29  31  34 131  75  18  14  21  24  17  18  17  17  16  18
  25  29 157 162  23  17  13  17  24  17  19  19  18  16  16  16
  25  29 169  62  18  13  23  22  18  16  16  17  18  18  19  19
  24  23  20  16  17  14  14  16  19  17  16  19  16  15  16  18
  21  24  17  17  15  16  15  14  16  15  17  19  17  16  17  18
  36  17  15  16  15  13  15  15  17  15  16  20  18  16  17  20
  23  16  15  15  13  13  16  17  17  19  19  20  17  15  17  19

