 173 123 124 154 142 120 118 147 146 150 129 142 123 145 129 196
 116 148 129 114 183 230 253 254 254 254 254 226 168 107 147 127
 136 107 166 251 254 254 255 255 255 255 254 253 251 131 141 108
 102 201 254 254 254 255 255 255 255 254 254 252 251 216 100 136
 195 254 255 255 255 255 255 254 254 254 253 252 250 250 145 126
 254 254 255 255 255 255 255 255 254 253 253 250 250 250 235  88
 254 255 255 255 255 255 255 254 253 253 250 250 249 250 249 178
 255 255 255 255 255 255 254 254 253 251 250 250 249 249 248 245
 255 255 255 255 255 254 254 252 253 251 250 250 250 249 249 247
 255 255 255 254 254 254 254 253 252 251 250 250 249 249 248 247
 255 255 255 255 254 250 160  85  79 133 229 250 250 249 248 247
 255 255 254 254 253 127 199 205  69  61  96 238 249 248 247 246
 255 255 254 253 229  73 239 249  89  58  58 174 248 248 247 245
 254 254 254 253 205  67 102 108  56  55  53 147 248 247 246 244
 243 254 254 253 221  65  60  57  52  52  52 158 248 247 246 229
 180 252 253 252 250 124  59  56  53  52  73 229 246 246 242 155
  97  87  82  93  94  93 101 133 136 134 103  91  81  84  78 191
  80  90  88  98 172 228 252 254 254 254 254 225 148  80  83 117
  84  82 158 251 254 254 255 255 255 255 254 254 251 121  81  71
  85 195 255 255 255 255 255 255 255 254 254 253 247 207  70  77
 188 255 255 255 255 255 255 254 254 254 254 253 248 246 136  74
 254 254 255 255 255 255 255 255 254 254 254 251 249 245 227  74
 255 255 255 255 255 255 255 255 254 254 251 248 243 241 237 167
 255 255 255 255 255 255 254 255 254 253 249 245 243 239 235 232
 255 255 255 255 255 255 254 254 254 254 250 246 243 239 237 233
 255 255 255 254 255 254 254 254 253 252 247 243 240 237 236 233
 255 255 255 254 254 249 158  80  80 131 221 241 239 237 235 233
 255 255 254 254 254 119 195 200  63  57  93 227 238 234 232 229
 255 255 254 254 228  68 240 248  85  54  56 168 236 234 231 228
 254 254 254 254 205  63  94 103  54  51  50 141 234 231 230 227
 242 254 254 255 223  62  56  52  49  49  49 147 232 232 229 215
 134 249 254 254 252 119  56  51  48  49  67 215 229 229 226 126
 134 102 103 125 120 105 111 138 142 143 122 127 115 129 116 187
  96 116 107  99 173 228 252 254 254 254 252 222 159 102 130 127
 110  87 158 251 254 254 255 255 255 254 250 248 244 126 124  98
  91 195 255 254 255 255 255 255 255 252 251 247 238 204  91 118
 189 255 255 255 255 255 255 254 252 251 248 244 239 237 140 110
 254 254 255 255 255 255 255 254 249 248 245 241 239 238 222  82
 255 255 255 255 255 255 255 251 247 245 240 237 234 234 232 170
 255 255 255 255 255 254 254 248 246 243 241 237 234 231 230 228
 255 255 255 255 255 252 249 244 243 241 238 234 233 231 229 228
 255 255 255 254 253 252 248 241 240 239 237 232 229 232 227 227
 255 255 255 254 251 242 147  74  71 121 211 231 232 228 228 225
 255 255 254 251 247 109 188 197  64  57  88 219 227 226 226 224
 255 254 252 247 219  66 228 235  85  55  55 160 228 226 225 222
 254 253 251 246 198  62  87  99  52  51  52 136 224 223 222 222
 239 253 246 246 211  61  53  50  49  49  50 145 222 223 222 210
 150 245 245 244 236 115  55  48  48  49  70 208 221 220 219 139

 196 127 108 136 126  88 178 245 247 247 247 246 245 244 229 155
 129 147 141 100 145 235 249 248 249 248 248 247 247 246 246 242
 145 107 131 216 250 250 250 249 249 249 249 248 248 247 247 246
 123 168 251 251 250 250 249 249 250 249 250 249 248 248 248 246
 142 226 253 252 252 250 250 250 250 250 250 238 174 147 158 229
 129 254 254 254 253 253 250 250 250 250 229  96  58  53  52  73
 150 254 255 254 254 253 253 251 251 251 133  61  58  55  52  52
 146 254 255 255 254 254 253 253 253 252  79  69  89  56  52  53
 147 254 255 255 254 255 254 254 252 253  85 205 249 108  57  56
 118 253 255 255 255 255 255 254 254 254 160 199 239 102  60  59
 120 230 254 255 255 255 255 255 254 254 250 127  73  67  65 124
 142 183 254 254 255 255 255 255 255 254 254 253 229 205 221 250
 154 114 251 254 255 255 255 255 255 254 255 254 253 253 253 252
 124 129 166 254 255 255 255 255 255 255 255 254 254 254 254 253
 123 148 107 201 254 254 255 255 255 255 255 255 255 254 254 252
 173 116 136 102 195 254 254 255 255 255 255 255 255 254 243 180
 191 117  71  77  74  74 167 232 233 233 233 229 228 227 215 126
  78  83  81  70 136 227 237 235 237 236 235 232 231 230 229 226
  84  80 121 207 246 245 241 239 239 237 237 234 234 231 232 229
  81 148 251 247 248 249 243 243 243 240 239 238 236 234 232 229
  91 225 254 253 253 251 248 245 246 243 241 227 168 141 147 215
 103 254 254 254 254 254 251 249 250 247 221  93  56  50  49  67
 134 254 255 254 254 254 254 253 254 252 131  57  54  51  49  49
 136 254 255 255 254 254 254 254 254 253  80  63  85  54  49  48
 133 254 255 255 254 255 255 255 254 254  80 200 248 103  52  51
 101 252 255 255 255 255 255 254 254 254 158 195 240  94  56  56
  93 228 254 255 255 255 255 255 255 254 249 119  68  63  62 119
  94 172 254 255 255 255 255 255 255 255 254 254 228 205 223 252
  93  98 251 255 255 255 255 255 255 254 254 254 254 254 255 254
  82  88 158 255 255 255 255 255 255 255 255 254 254 254 254 254
  87  90  82 195 255 254 255 255 255 255 255 255 255 254 254 249
  97  80  84  85 188 254 255 255 255 255 255 255 255 254 242 134
 187 127  98 118 110  82 170 228 228 227 225 224 222 222 210 139
 116 130 124  91 140 222 232 230 229 227 228 226 225 222 222 219
 129 102 126 204 237 238 234 231 231 232 228 226 226 223 223 220
 115 159 244 238 239 239 234 234 233 229 232 227 228 224 222 221
 127 222 248 247 244 241 237 237 234 232 231 219 160 136 145 208
 122 252 250 251 248 245 240 241 238 237 211  88  55  52  50  70
 143 254 254 252 251 248 245 243 241 239 121  57  55  51  49  49
 142 254 255 255 252 249 247 246 243 240  71  64  85  52  49  48
 138 254 255 255 254 254 251 248 244 241  74 197 235  99  50  48
 111 252 255 255 255 255 255 254 249 248 147 188 228  87  53  55
 105 228 254 255 255 255 255 254 252 252 242 109  66  62  61 115
 120 173 254 255 255 255 255 255 255 253 251 247 219 198 211 236
 125  99 251 254 255 255 255 255 255 254 254 251 247 246 246 244
 103 107 158 255 255 255 255 255 255 255 255 254 252 251 246 245
 102 116  87 195 255 254 255 255 255 255 255 255 254 253 253 245
 134  96 110  91 189 254 255 255 255 255 255 255 255 254 239 150

 155 242 246 246 229  73  52  53  56  59 124 250 252 253 252 180
 229 246 247 248 158  52  52  52  57  60  65 221 253 254 254 243
 244 246 247 248 147  53  55  56 108 102  67 205 253 254 254 254
 245 247 248 248 174  58  58  89 249 239  73 229 253 254 255 255
 246 247 248 249 238  96  61  69 205 199 127 253 254 254 255 255
 247 248 249 250 250 229 133  79  85 160 250 254 255 255 255 255
 247 248 249 249 250 250 251 252 253 254 254 254 254 255 255 255
 247 249 249 250 250 250 251 253 252 254 254 255 255 255 255 255
 245 248 249 249 250 250 251 253 254 254 255 255 255 255 255 255
 178 249 250 249 250 250 253 253 254 255 255 255 255 255 255 254
  88 235 250 250 250 253 253 254 255 255 255 255 255 255 254 254
 126 145 250 250 252 253 254 254 254 255 255 255 255 255 254 195
 136 100 216 251 252 254 254 255 255 255 255 254 254 254 201 102
 108 141 131 251 253 254 255 255 255 255 254 254 251 166 107 136
 127 147 107 168 226 254 254 254 254 253 230 183 114 129 148 116
 196 129 145 123 142 129 150 146 147 118 120 142 154 124 123 173
 126 226 229 229 215  67  49  48  51  56 119 252 254 254 249 134
 215 229 232 232 147  49  49  49  52  56  62 223 255 254 254 242
 227 230 231 234 141  50  51  54 103  94  63 205 254 254 254 254
 228 231 234 236 168  56  54  85 248 240  68 228 254 254 255 255
 229 232 234 238 227  93  57  63 200 195 119 254 254 254 255 255
 233 235 237 239 241 221 131  80  80 158 249 254 254 255 255 255
 233 236 237 240 243 247 252 253 254 254 254 255 254 255 255 255
 233 237 239 243 246 250 254 254 254 254 255 255 255 255 255 255
 232 235 239 243 245 249 253 254 255 254 255 255 255 255 255 255
 167 237 241 243 248 251 254 254 255 255 255 255 255 255 255 255
  74 227 245 249 251 254 254 254 255 255 255 255 255 255 254 254
  74 136 246 248 253 254 254 254 254 255 255 255 255 255 255 188
  77  70 207 247 253 254 254 255 255 255 255 255 255 255 195  85
  71  81 121 251 254 254 255 255 255 255 254 254 251 158  82  84
 117  83  80 148 225 254 254 254 254 252 228 172  98  88  90  80
 191  78  84  81  91 103 134 136 133 101  93  94  93  82  87  97
 139 219 220 221 208  70  49  48  48  55 115 236 244 245 245 150
 210 222 223 222 145  50  49  49  50  53  61 211 246 246 253 239
 222 222 223 224 136  52  51  52  99  87  62 198 246 251 253 254
 222 225 226 228 160  55  55  85 235 228  66 219 247 252 254 255
 224 226 226 227 219  88  57  64 197 188 109 247 251 254 255 255
 225 228 228 232 231 211 121  71  74 147 242 251 254 255 255 255
 227 227 232 229 232 237 239 240 241 248 252 253 254 255 255 255
 228 229 231 233 234 238 241 243 244 249 252 255 255 255 255 255
 228 230 231 234 237 241 243 246 248 254 254 255 255 255 255 255
 170 232 234 234 237 240 245 247 251 255 255 255 255 255 255 255
  82 222 238 239 241 245 248 249 254 255 255 255 255 255 254 254
 110 140 237 239 244 248 251 252 254 255 255 255 255 255 255 189
 118  91 204 238 247 251 252 255 255 255 255 255 254 255 195  91
  98 124 126 244 248 250 254 255 255 255 254 254 251 158  87 110
 127 130 102 159 222 252 254 254 254 252 228 173  99 107 116  96
 187 116 129 115 127 122 143 142 138 111 105 120 125 103 102 134

 180 243 254 255 255 255 255 255 255 254 254 195 102 136 116 173
 252 254 254 255 255 255 255 255 255 255 254 254 201 107 148 123
 253 254 254 254 254 255 255 255 255 255 255 255 254 166 129 124
 252 253 253 253 254 255 254 255 255 255 255 255 254 251 114 154
 250 221 205 229 253 254 254 255 255 255 255 255 254 254 183 142
 124  65  67  73 127 250 254 254 255 255 255 255 255 254 230 120
  59  60 102 239 199 160 254 254 254 255 255 255 255 255 253 118
  56  57 108 249 205  85 253 252 254 254 255 254 255 255 254 147
  53  52  56  89  69  79 252 253 253 253 254 254 255 255 254 146
  52  52  55  58  61 133 251 251 251 253 253 254 254 255 254 150
  73  52  53  58  96 229 250 250 250 250 253 253 254 254 254 129
 229 158 147 174 238 250 250 250 250 250 250 252 252 253 226 142
 246 248 248 248 249 250 249 250 249 249 250 250 251 251 168 123
 246 247 247 248 248 249 249 249 249 250 250 250 216 131 107 145
 242 246 246 247 247 248 248 249 248 249 235 145 100 141 147 129
 155 229 244 245 246 247 247 247 245 178  88 126 136 108 127 196
 134 242 254 255 255 255 255 255 255 255 254 188  85  84  80  97
 249 254 254 255 255 255 255 255 255 255 254 255 195  82  90  87
 254 254 254 254 254 255 255 255 255 255 255 255 255 158  88  82
 254 255 254 254 254 254 254 255 255 255 255 255 255 251  98  93
 252 223 205 228 254 254 255 255 255 255 255 255 255 254 172  94
 119  62  63  68 119 249 254 255 255 255 255 255 255 254 228  93
  56  56  94 240 195 158 254 254 254 255 255 255 255 255 252 101
  51  52 103 248 200  80 254 254 255 255 255 254 255 255 254 133
  48  49  54  85  63  80 253 254 254 254 254 254 255 255 254 136
  49  49  51  54  57 131 252 254 253 254 254 254 254 255 254 134
  67  49  50  56  93 221 247 250 249 251 254 254 254 254 254 103
 215 147 141 168 227 241 243 246 245 248 251 253 253 254 225  91
 229 232 234 236 238 239 240 243 243 243 249 248 247 251 148  81
 229 232 231 234 234 237 237 239 239 241 245 246 207 121  80  84
 226 229 230 231 232 235 236 237 235 237 227 136  70  81  83  78
 126 215 227 228 229 233 233 233 232 167  74  74  77  71 117 191
 150 239 254 255 255 255 255 255 255 255 254 189  91 110  96 134
 245 253 253 254 255 255 255 255 255 255 254 255 195  87 116 102
 245 246 251 252 254 255 255 255 255 255 255 255 255 158 107 103
 244 246 246 247 251 254 254 255 255 255 255 255 254 251  99 125
 236 211 198 219 247 251 253 255 255 255 255 255 255 254 173 120
 115  61  62  66 109 242 252 252 254 255 255 255 255 254 228 105
  55  53  87 228 188 147 248 249 254 255 255 255 255 255 252 111
  48  50  99 235 197  74 241 244 248 251 254 254 255 255 254 138
  48  49  52  85  64  71 240 243 246 247 249 252 255 255 254 142
  49  49  51  55  57 121 239 241 243 245 248 251 252 254 254 143
  70  50  52  55  88 211 237 238 241 240 245 248 251 250 252 122
 208 145 136 160 219 231 232 234 237 237 241 244 247 248 222 127
 221 222 224 228 227 232 229 233 234 234 239 239 238 244 159 115
 220 223 223 226 226 228 232 231 231 234 238 237 204 126 102 129
 219 222 222 225 226 228 227 229 230 232 222 140  91 124 130 116
 139 210 222 222 224 225 227 228 228 170  82 110 118  98 127 187

