 254 253 253 252 250 250 250 250 248 248 231 118  79  75  73  72
 254 253 253 251 250 250 250 249 248 247 247 232 110  78  73  73
 254 253 252 252 251 250 250 249 248 247 247 245 213  86  76  72
 254 253 252 252 250 250 250 249 248 247 247 247 241 157  77  70
 110  91 167 250 250 250 249 249 248 247 247 246 241 216  82  72
 254  92  59 159 249 249 248 249 247 247 247 246 241 234 109  74
 205  64  53  62 243 250 249 248 247 248 246 246 241 237 143  75
  56  52  51  57 208 250 249 249 247 247 247 245 241 234 137  71
  55  52  51  60 230 250 250 249 247 247 246 243 240 235 142  72
  54  53  55 138 249 250 248 248 247 247 246 242 238 234 124  74
  58  62 138 246 250 250 249 248 248 247 246 242 238 227  85  75
 252 251 250 250 250 250 249 248 248 247 245 243 238 182  77  88
 253 252 251 249 249 249 249 247 248 247 245 242 235 120  80 148
 253 252 251 250 250 250 249 248 247 247 246 241 163  81 111 221
 253 252 251 250 250 250 249 248 247 246 243 183  82  88 121 219
 161 250 250 250 250 250 248 248 247 241 159  84  93 196 171  92
 254 254 255 254 254 253 246 242 238 235 220 160 149 149 146 144
 254 254 255 255 253 250 246 240 237 234 231 220 157 148 146 144
 254 255 254 255 253 250 244 241 238 235 232 228 209 148 146 143
 254 254 254 255 254 252 245 241 237 235 232 229 226 182 146 144
 110  89 169 254 253 250 243 240 237 235 231 229 226 211 145 143
 254  90  57 157 251 247 244 240 237 234 231 228 225 223 156 142
 204  62  51  59 245 248 243 239 237 234 230 228 225 223 176 143
  53  50  48  54 208 247 242 239 234 232 230 227 224 221 172 142
  52  49  50  57 231 248 242 239 235 232 230 226 224 222 175 142
  50  48  52 136 251 245 240 238 234 232 229 226 224 222 164 141
  54  61 137 246 249 245 242 238 234 231 228 225 223 218 148 141
 254 253 254 250 247 244 240 237 234 232 228 226 224 198 145 145
 254 255 254 253 246 241 238 236 234 230 228 226 223 164 144 165
 255 255 255 252 248 243 239 236 232 229 228 225 186 146 159 213
 254 255 254 252 249 244 240 237 233 230 227 194 147 144 133 212
 164 252 254 252 247 241 237 234 231 227 188 149 150 198 165  91
 251 246 245 240 236 233 230 227 224 221 205 107  73  70  69  70
 250 247 242 239 237 232 230 226 223 222 219 209 106  73  71  70
 250 246 242 240 237 232 229 227 223 222 221 218 193  80  73  71
 248 246 242 240 236 232 230 227 224 223 220 219 216 143  74  71
 102  82 156 236 233 232 229 227 224 222 221 217 216 194  76  72
 250  86  54 149 234 230 228 226 223 222 219 217 215 213 101  72
 198  57  48  56 230 231 227 225 221 222 220 218 216 214 137  70
  49  48  46  54 197 229 227 225 221 220 220 218 215 213 131  71
  49  48  47  55 216 231 227 224 221 221 218 217 215 212 132  71
  48  46  48 133 230 229 225 223 221 220 218 217 213 212 115  69
  57  62 132 232 232 229 226 223 222 220 218 216 214 203  84  74
 246 241 235 234 230 228 226 222 221 219 218 216 215 173  74  90
 244 240 239 234 229 227 225 221 220 218 216 217 213 114  75 137
 245 242 238 235 232 228 224 223 219 218 217 214 152  75 102 204
 245 241 237 233 230 227 225 223 220 218 215 164  74  84 117 204
 152 236 235 233 229 227 224 221 220 213 140  80  84 181 162  90

  72  73  72  70  72  74  75  71  72  74  75  88 148 221 219  92
  73  73  76  77  82 109 143 137 142 124  85  77  80 111 121 171
  75  78  86 157 216 234 237 234 235 234 227 182 120  81  88 196
  79 110 213 241 241 241 241 241 240 238 238 238 235 163  82  93
 118 232 245 247 246 246 246 245 243 242 242 243 242 241 183  84
 231 247 247 247 247 247 246 247 246 246 246 245 245 246 243 159
 248 247 247 247 247 247 248 247 247 247 247 247 247 247 246 241
 248 248 248 248 248 247 247 247 247 247 248 248 248 247 247 247
 250 249 249 249 249 249 248 249 249 248 248 248 247 248 248 248
 250 250 250 250 249 248 249 249 250 248 249 249 249 249 249 248
 250 250 250 250 250 249 250 250 250 250 250 250 249 250 250 250
 250 250 251 250 250 249 243 208 230 249 250 250 249 250 250 250
 252 251 252 252 250 159  62  57  60 138 246 250 249 250 250 250
 253 253 252 252 167  59  53  51  51  55 138 250 251 251 251 250
 253 253 253 253  91  92  64  52  52  53  62 251 252 252 252 250
 254 254 254 254 110 254 205  56  55  54  58 252 253 253 253 161
 144 144 143 144 143 142 143 142 142 141 141 145 165 213 212  91
 146 146 146 146 145 156 176 172 175 164 148 145 144 159 133 165
 149 148 148 182 211 223 223 221 222 222 218 198 164 146 144 198
 149 157 209 226 226 225 225 224 224 224 223 224 223 186 147 150
 160 220 228 229 229 228 228 227 226 226 225 226 226 225 194 149
 220 231 232 232 231 231 230 230 230 229 228 228 228 228 227 188
 235 234 235 235 235 234 234 232 232 232 231 232 230 229 230 227
 238 237 238 237 237 237 237 234 235 234 234 234 234 232 233 231
 242 240 241 241 240 240 239 239 239 238 238 237 236 236 237 234
 246 246 244 245 243 244 243 242 242 240 242 240 238 239 240 237
 253 250 250 252 250 247 248 247 248 245 245 244 241 243 244 241
 254 253 253 254 253 251 245 208 231 251 249 247 246 248 249 247
 254 255 255 255 254 157  59  54  57 136 246 250 253 252 252 252
 255 255 254 254 169  57  51  48  50  52 137 254 254 255 254 254
 254 254 255 254  89  90  62  50  49  48  61 253 255 255 255 252
 254 254 254 254 110 254 204  53  52  50  54 254 254 255 254 164
  70  70  71  71  72  72  70  71  71  69  74  90 137 204 204  90
  69  71  73  74  76 101 137 131 132 115  84  74  75 102 117 162
  70  73  80 143 194 213 214 213 212 212 203 173 114  75  84 181
  73 106 193 216 216 215 216 215 215 213 214 215 213 152  74  84
 107 209 218 219 217 217 218 218 217 217 216 216 217 214 164  80
 205 219 221 220 221 219 220 220 218 218 218 218 216 217 215 140
 221 222 222 223 222 222 222 220 221 220 220 219 218 218 218 213
 224 223 223 224 224 223 221 221 221 221 222 221 220 219 220 220
 227 226 227 227 227 226 225 225 224 223 223 222 221 223 223 221
 230 230 229 230 229 228 227 227 227 225 226 226 225 224 225 224
 233 232 232 232 232 230 231 229 231 229 229 228 227 228 227 227
 236 237 237 236 233 234 230 197 216 230 232 230 229 232 230 229
 240 239 240 240 236 149  56  54  55 133 232 234 234 235 233 233
 245 242 242 242 156  54  48  46  47  48 132 235 239 238 237 235
 246 247 246 246  82  86  57  48  48  46  62 241 240 242 241 236
 251 250 250 248 102 250 198  49  49  48  57 246 244 245 245 152

  92 171 196  93  84 159 241 247 248 248 250 250 250 250 250 161
 219 121  88  82 183 243 246 247 248 249 250 250 250 251 252 253
 221 111  81 163 241 246 247 247 248 249 250 250 250 251 252 253
 148  80 120 235 242 245 247 248 247 249 249 249 249 251 252 253
  88  77 182 238 243 245 247 248 248 249 250 250 250 250 251 252
  75  85 227 238 242 246 247 248 248 249 250 250 246 138  62  58
  74 124 234 238 242 246 247 247 248 248 250 249 138  55  53  54
  72 142 235 240 243 246 247 247 249 250 250 230  60  51  52  55
  71 137 234 241 245 247 247 247 249 249 250 208  57  51  52  56
  75 143 237 241 246 246 248 247 248 249 250 243  62  53  64 205
  74 109 234 241 246 247 247 247 249 248 249 249 159  59  92 254
  72  82 216 241 246 247 247 248 249 249 250 250 250 167  91 110
  70  77 157 241 247 247 247 248 249 250 250 250 252 252 253 254
  72  76  86 213 245 247 247 248 249 250 250 251 252 252 253 254
  73  73  78 110 232 247 247 248 249 250 250 250 251 253 253 254
  72  73  75  79 118 231 248 248 250 250 250 250 252 253 253 254
  91 165 198 150 149 188 227 231 234 237 241 247 252 254 252 164
 212 133 144 147 194 227 230 233 237 240 244 249 252 254 255 254
 213 159 146 186 225 228 229 232 236 239 243 248 252 255 255 255
 165 144 164 223 226 228 230 234 236 238 241 246 253 254 255 254
 145 145 198 224 226 228 232 234 237 240 244 247 250 254 253 254
 141 148 218 223 225 228 231 234 238 242 245 249 246 137  61  54
 141 164 222 224 226 229 232 234 238 240 245 251 136  52  48  50
 142 175 222 224 226 230 232 235 239 242 248 231  57  50  49  52
 142 172 221 224 227 230 232 234 239 242 247 208  54  48  50  53
 143 176 223 225 228 230 234 237 239 243 248 245  59  51  62 204
 142 156 223 225 228 231 234 237 240 244 247 251 157  57  90 254
 143 145 211 226 229 231 235 237 240 243 250 253 254 169  89 110
 144 146 182 226 229 232 235 237 241 245 252 254 255 254 254 254
 143 146 148 209 228 232 235 238 241 244 250 253 255 254 255 254
 144 146 148 157 220 231 234 237 240 246 250 253 255 255 254 254
 144 146 149 149 160 220 235 238 242 246 253 254 254 255 254 254
  90 162 181  84  80 140 213 220 221 224 227 229 233 235 236 152
 204 117  84  74 164 215 218 220 223 225 227 230 233 237 241 245
 204 102  75 152 214 217 218 219 223 224 228 232 235 238 242 245
 137  75 114 213 217 216 218 220 221 225 227 229 234 239 240 244
  90  74 173 215 216 218 219 221 222 226 228 230 234 235 241 246
  74  84 203 214 216 218 220 222 223 226 229 232 232 132  62  57
  69 115 212 213 217 218 220 221 223 225 229 230 133  48  46  48
  71 132 212 215 217 218 221 221 224 227 231 216  55  47  48  49
  71 131 213 215 218 220 220 221 225 227 229 197  54  46  48  49
  70 137 214 216 218 220 222 221 225 227 231 230  56  48  57 198
  72 101 213 215 217 219 222 223 226 228 230 234 149  54  86 250
  72  76 194 216 217 221 222 224 227 229 232 233 236 156  82 102
  71  74 143 216 219 220 223 224 227 230 232 236 240 242 246 248
  71  73  80 193 218 221 222 223 227 229 232 237 240 242 246 250
  70  71  73 106 209 219 222 223 226 230 232 237 239 242 247 250
  70  69  70  73 107 205 221 224 227 230 233 236 240 245 246 251

 161 253 253 253 252  58  54  55  56 205 254 110 254 254 254 254
 250 252 252 252 251  62  53  52  52  64  92  91 253 253 253 253
 250 251 251 251 250 138  55  51  51  53  59 167 252 252 253 253
 250 250 250 249 250 246 138  60  57  62 159 250 252 252 251 252
 250 250 250 249 250 250 249 230 208 243 249 250 250 251 250 250
 250 250 250 249 250 250 250 250 250 250 249 250 250 250 250 250
 248 249 249 249 249 249 248 250 249 249 248 249 250 250 250 250
 248 248 248 247 248 248 248 249 249 248 249 249 249 249 249 250
 247 247 247 248 248 248 247 247 247 247 247 248 248 248 248 248
 241 246 247 247 247 247 247 247 247 248 247 247 247 247 247 248
 159 243 246 245 245 246 246 246 247 246 247 247 247 247 247 231
  84 183 241 242 243 242 242 243 245 246 246 246 247 245 232 118
  93  82 163 235 238 238 238 240 241 241 241 241 241 213 110  79
 196  88  81 120 182 227 234 235 234 237 234 216 157  86  78  75
 171 121 111  80  77  85 124 142 137 143 109  82  77  76  73  73
  92 219 221 148  88  75  74  72  71  75  74  72  70  72  73  72
 164 254 255 254 254  54  50  52  53 204 254 110 254 254 254 254
 252 255 255 255 253  61  48  49  50  62  90  89 254 255 254 254
 254 254 255 254 254 137  52  50  48  51  57 169 254 254 255 255
 252 252 252 253 250 246 136  57  54  59 157 254 255 255 255 254
 247 249 248 246 247 249 251 231 208 245 251 253 254 253 253 254
 241 244 243 241 244 245 245 248 247 248 247 250 252 250 250 253
 237 240 239 238 240 242 240 242 242 243 244 243 245 244 246 246
 234 237 236 236 237 238 238 239 239 239 240 240 241 241 240 242
 231 233 232 234 234 234 234 235 234 237 237 237 237 238 237 238
 227 230 229 230 232 231 232 232 232 234 234 235 235 235 234 235
 188 227 228 228 228 228 229 230 230 230 231 231 232 232 231 220
 149 194 225 226 226 225 226 226 227 228 228 229 229 228 220 160
 150 147 186 223 224 223 224 224 224 225 225 226 226 209 157 149
 198 144 146 164 198 218 222 222 221 223 223 211 182 148 148 149
 165 133 159 144 145 148 164 175 172 176 156 145 146 146 146 146
  91 212 213 165 145 141 141 142 142 143 142 143 144 143 144 144
 152 245 245 244 246  57  48  49  49 198 250 102 248 250 250 251
 236 241 242 240 241  62  46  48  48  57  86  82 246 246 247 246
 235 237 238 239 235 132  48  47  46  48  54 156 242 242 242 245
 233 233 235 234 234 232 133  55  54  56 149 236 240 240 239 240
 229 230 232 229 230 232 230 216 197 230 234 233 236 237 237 236
 227 227 228 227 228 229 229 231 229 231 230 232 232 232 232 233
 224 225 224 225 226 226 225 227 227 227 228 229 230 229 230 230
 221 223 223 221 222 223 223 224 225 225 226 227 227 227 226 227
 220 220 219 220 221 222 221 221 221 221 223 224 224 223 223 224
 213 218 218 218 219 220 220 221 220 222 222 222 223 222 222 221
 140 215 217 216 218 218 218 218 220 220 219 221 220 221 219 205
  80 164 214 217 216 216 217 217 218 218 217 217 219 218 209 107
  84  74 152 213 215 214 213 215 215 216 215 216 216 193 106  73
 181  84  75 114 173 203 212 212 213 214 213 194 143  80  73  70
 162 117 102  75  74  84 115 132 131 137 101  76  74  73  71  69
  90 204 204 137  90  74  69  71  71  70  72  72  71  71  70  70

