  64  54  44  52 152 203 202 200 187 127  56  37  31  31  29  28
  54  50  67 182 208 205 203 201 197 195 190 150  87  48  31  30
  48  56 172 209 207 204 202 200 199 197 193 190 186 176 124  64
  54 136 211 210 208 206 203 200 197 195 193 191 188 184 181 177
  77 208 211 209 208 206 203 202 198 195 194 191 188 185 181 179
 146 213 211 210 208 204 203 200 197 195 193 189 187 185 180 178
 201 214 212 207 205 201 201 199 195 193 191 187 184 182 180 179
 211 212 171 122 107  88 167 199 196 192 191 188 186 183 180 179
 211 169  43 200 204  55  43 166 196 194 192 188 186 184 180 178
 205  78  36 158 175  39  28  85 195 194 192 188 186 184 180 179
 173  47  32  33  33  28  27  55 194 194 191 187 185 183 180 177
 135  66  31  28  29  27  26  73 193 194 190 187 183 181 180 177
  71 136  31  28  28  28  30 148 195 193 190 187 184 180 178 177
  55 126 144  62  43  65 145 195 196 193 189 186 184 180 179 177
  53  58 143 205 197 198 199 196 195 192 189 187 183 181 177 161
  52  53  57 138 202 199 199 196 195 192 189 187 183 181 148  54
 101  85  53  51 145 196 195 193 181 135  93  82  79  78  76  76
  68  64  69 174 198 197 195 193 191 189 182 151 111  88  78  78
  66  67 162 199 198 196 195 193 191 189 187 185 183 171 132  96
  78 130 200 200 198 197 194 193 191 189 187 186 183 180 178 175
  79 196 201 199 198 197 195 193 191 189 187 186 184 181 179 177
 138 203 201 200 198 196 194 192 190 188 187 185 182 180 178 176
 192 204 201 199 197 194 192 191 189 187 185 183 180 179 177 176
 201 202 165 118  99  87 160 190 189 187 185 183 181 179 178 176
 202 163  41 191 194  51  42 161 189 187 186 183 181 179 177 176
 196  75  36 153 167  38  29  87 188 188 186 183 181 179 178 176
 176  44  32  33  32  27  28  55 187 187 185 182 180 178 178 175
 146  61  31  29  29  27  28  73 187 187 184 181 180 178 177 175
 106 133  32  29  30  28  29 141 186 187 184 181 179 177 176 175
  97 141 137  57  37  61 139 188 188 187 184 181 179 177 175 174
  97  96 152 196 188 190 190 189 188 186 183 182 179 177 175 163
  96  94  95 147 191 191 190 189 187 185 184 181 180 177 153  93
 192 165  97  69 141 189 188 185 188 174 176 177 175 175 173 172
 120  99  84 165 191 190 187 187 185 185 185 171 172 172 173 172
 115  96 152 191 189 188 186 187 186 185 184 181 180 175 171 167
 144 124 191 191 190 189 187 186 185 184 183 182 180 179 177 175
  89 186 191 190 190 188 186 187 184 184 183 181 180 179 177 176
 131 192 191 190 190 187 187 185 185 183 182 180 180 178 177 175
 185 194 192 191 190 187 186 185 184 181 183 179 178 176 176 174
 194 194 164 112  98  89 157 185 183 181 182 179 179 178 176 175
 197 156  41 183 185  53  40 158 184 183 182 181 179 177 175 176
 196  72  30 150 163  36  26  85 182 183 181 180 178 177 176 175
 199  43  30  33  34  25  26  50 184 183 182 179 178 177 176 175
 195  60  29  29  29  25  25  68 183 183 181 179 177 177 176 175
 194 140  32  29  28  27  28 136 184 182 181 180 178 176 176 175
 190 190 128  49  34  50 131 183 182 182 179 179 177 176 175 174
 190 187 193 193 180 182 185 184 183 183 180 180 176 176 176 176
 190 189 187 199 189 188 185 183 183 182 179 180 178 175 176 173

  28  30  64 177 179 178 179 179 178 179 177 177 177 177 161  54
  29  31 124 181 181 180 180 180 180 180 180 180 178 179 177 148
  31  48 176 184 185 185 182 183 184 184 183 181 180 180 181 181
  31  87 186 188 188 187 184 186 186 186 185 183 184 184 183 183
  37 150 190 191 191 189 187 188 188 188 187 187 187 186 187 187
  56 190 193 193 194 193 191 191 192 192 191 190 190 189 189 189
 127 195 197 195 195 195 193 192 194 194 194 194 193 193 192 192
 187 197 199 197 198 197 195 196 196 195 194 193 195 196 195 195
 200 201 200 200 202 200 199 199 166  85  55  73 148 195 196 196
 202 203 202 203 203 203 201 167  43  28  27  26  30 145 199 199
 203 205 204 206 206 204 201  88  55  39  28  27  28  65 198 199
 152 208 207 208 208 208 205 107 204 175  33  29  28  43 197 202
  52 182 209 210 209 210 207 122 200 158  33  28  28  62 205 138
  44  67 172 211 211 211 212 171  43  36  32  31  31 144 143  57
  54  50  56 136 208 213 214 212 169  78  47  66 136 126  58  53
  64  54  48  54  77 146 201 211 211 205 173 135  71  55  53  52
  76  78  96 175 177 176 176 176 176 176 175 175 175 174 163  93
  76  78 132 178 179 178 177 178 177 178 178 177 176 175 175 153
  78  88 171 180 181 180 179 179 179 179 178 178 177 177 177 177
  79 111 183 183 184 182 180 181 181 181 180 180 179 179 179 180
  82 151 185 186 186 185 183 183 183 183 182 181 181 181 182 181
  93 182 187 187 187 187 185 185 186 186 185 184 184 184 183 184
 135 189 189 189 189 188 187 187 187 188 187 187 187 187 186 185
 181 191 191 191 191 190 189 189 189 188 187 187 186 188 188 187
 193 193 193 193 193 192 191 190 161  87  55  73 141 188 189 189
 195 195 195 194 195 194 192 160  42  29  28  28  29 139 190 190
 196 197 196 197 197 196 194  87  51  38  27  27  28  61 190 191
 145 198 198 198 198 198 197  99 194 167  32  29  30  37 188 191
  51 174 199 200 199 200 199 118 191 153  33  29  29  57 196 147
  53  69 162 200 201 201 201 165  41  36  32  31  32 137 152  95
  85  64  67 130 196 203 204 202 163  75  44  61 133 141  96  94
 101  68  66  78  79 138 192 201 202 196 176 146 106  97  97  96
 172 172 167 175 176 175 174 175 176 175 175 175 175 174 176 173
 173 173 171 177 177 177 176 176 175 176 176 176 176 175 176 176
 175 172 175 179 179 178 176 178 177 177 177 177 176 176 176 175
 175 172 180 180 180 180 178 179 179 178 178 177 178 177 176 178
 177 171 181 182 181 180 179 179 181 180 179 179 180 179 180 180
 176 185 184 183 183 182 183 182 182 181 182 181 181 179 180 179
 174 185 185 184 184 183 181 181 183 183 183 183 182 182 183 182
 188 185 186 185 184 185 184 183 184 182 184 183 184 182 183 183
 185 187 187 186 187 185 185 185 158  85  50  68 136 183 184 183
 188 187 186 187 186 187 186 157  40  26  26  25  28 131 185 185
 189 190 188 189 188 187 187  89  53  36  25  25  27  50 182 188
 141 191 189 190 190 190 190  98 185 163  34  29  28  34 180 189
  69 165 191 191 190 190 191 112 183 150  33  29  29  49 193 199
  97  84 152 191 191 191 192 164  41  30  30  29  32 128 193 187
 165  99  96 124 186 192 194 194 156  72  43  60 140 190 187 189
 192 120 115 144  89 131 185 194 197 196 199 195 194 190 190 190

  54 148 181 183 187 189 192 195 196 199 199 202 138  57  53  52
 161 177 181 183 187 189 192 195 196 199 198 197 205 143  58  53
 177 179 180 184 186 189 193 196 195 145  65  43  62 144 126  55
 177 178 180 184 187 190 193 195 148  30  28  28  28  31 136  71
 177 180 181 183 187 190 194 193  73  26  27  29  28  31  66 135
 177 180 183 185 187 191 194 194  55  27  28  33  33  32  47 173
 179 180 184 186 188 192 194 195  85  28  39 175 158  36  78 205
 178 180 184 186 188 192 194 196 166  43  55 204 200  43 169 211
 179 180 183 186 188 191 192 196 199 167  88 107 122 171 212 211
 179 180 182 184 187 191 193 195 199 201 201 205 207 212 214 201
 178 180 185 187 189 193 195 197 200 203 204 208 210 211 213 146
 179 181 185 188 191 194 195 198 202 203 206 208 209 211 208  77
 177 181 184 188 191 193 195 197 200 203 206 208 210 211 136  54
  64 124 176 186 190 193 197 199 200 202 204 207 209 172  56  48
  30  31  48  87 150 190 195 197 201 203 205 208 182  67  50  54
  28  29  31  31  37  56 127 187 200 202 203 152  52  44  54  64
  93 153 177 180 181 184 185 187 189 190 191 191 147  95  94  96
 163 175 177 179 182 183 186 188 189 190 190 188 196 152  96  97
 174 175 177 179 181 184 187 188 188 139  61  37  57 137 141  97
 175 176 177 179 181 184 187 186 141  29  28  30  29  32 133 106
 175 177 178 180 181 184 187 187  73  28  27  29  29  31  61 146
 175 178 178 180 182 185 187 187  55  28  27  32  33  32  44 176
 176 178 179 181 183 186 188 188  87  29  38 167 153  36  75 196
 176 177 179 181 183 186 187 189 161  42  51 194 191  41 163 202
 176 178 179 181 183 185 187 189 190 160  87  99 118 165 202 201
 176 177 179 180 183 185 187 189 191 192 194 197 199 201 204 192
 176 178 180 182 185 187 188 190 192 194 196 198 200 201 203 138
 177 179 181 184 186 187 189 191 193 195 197 198 199 201 196  79
 175 178 180 183 186 187 189 191 193 194 197 198 200 200 130  78
  96 132 171 183 185 187 189 191 193 195 196 198 199 162  67  66
  78  78  88 111 151 182 189 191 193 195 197 198 174  69  64  68
  76  76  78  79  82  93 135 181 193 195 196 145  51  53  85 101
 173 176 175 178 180 179 182 183 183 185 188 189 199 187 189 190
 176 176 176 176 180 180 183 183 184 185 182 180 193 193 187 190
 174 175 176 177 179 179 182 182 183 131  50  34  49 128 190 190
 175 176 176 178 180 181 182 184 136  28  27  28  29  32 140 194
 175 176 177 177 179 181 183 183  68  25  25  29  29  29  60 195
 175 176 177 178 179 182 183 184  50  26  25  34  33  30  43 199
 175 176 177 178 180 181 183 182  85  26  36 163 150  30  72 196
 176 175 177 179 181 182 183 184 158  40  53 185 183  41 156 197
 175 176 178 179 179 182 181 183 185 157  89  98 112 164 194 194
 174 176 176 178 179 183 181 184 185 186 187 190 191 192 194 185
 175 177 178 180 180 182 183 185 185 187 187 190 190 191 192 131
 176 177 179 180 181 183 184 184 187 186 188 190 190 191 186  89
 175 177 179 180 182 183 184 185 186 187 189 190 191 191 124 144
 167 171 175 180 181 184 185 186 187 186 188 189 191 152  96 115
 172 173 172 172 171 185 185 185 187 187 190 191 165  84  99 120
 172 173 175 175 177 176 174 188 185 188 189 141  69  97 165 192

  52  53  55  71 135 173 205 211 211 201 146  77  54  48  54  64
  53  58 126 136  66  47  78 169 212 214 213 208 136  56  50  54
  57 143 144  31  31  32  36  43 171 212 211 211 211 172  67  44
 138 205  62  28  28  33 158 200 122 207 210 209 210 209 182  52
 202 197  43  28  29  33 175 204 107 205 208 208 208 207 208 152
 199 198  65  28  27  28  39  55  88 201 204 206 206 204 205 203
 199 199 145  30  26  27  28  43 167 201 203 203 203 202 203 202
 196 196 195 148  73  55  85 166 199 199 200 202 200 200 201 200
 195 195 196 195 193 194 195 196 196 195 197 198 197 199 197 187
 192 192 193 193 194 194 194 194 192 193 195 195 195 197 195 127
 189 189 189 190 190 191 192 192 191 191 193 194 193 193 190  56
 187 187 186 187 187 187 188 188 188 187 189 191 191 190 150  37
 183 183 184 184 183 185 186 186 186 184 187 188 188 186  87  31
 181 181 180 180 181 183 184 184 183 182 185 185 184 176  48  31
 148 177 179 178 180 180 180 180 180 180 180 181 181 124  31  29
  54 161 177 177 177 177 179 178 179 179 178 179 177  64  30  28
  96  97  97 106 146 176 196 202 201 192 138  79  78  66  68 101
  94  96 141 133  61  44  75 163 202 204 203 196 130  67  64  85
  95 152 137  32  31  32  36  41 165 201 201 201 200 162  69  53
 147 196  57  29  29  33 153 191 118 199 200 199 200 199 174  51
 191 188  37  30  29  32 167 194  99 197 198 198 198 198 198 145
 191 190  61  28  27  27  38  51  87 194 196 197 197 196 197 196
 190 190 139  29  28  28  29  42 160 192 194 195 194 195 195 195
 189 189 188 141  73  55  87 161 190 191 192 193 193 193 193 193
 187 188 188 186 187 187 188 189 189 189 190 191 191 191 191 181
 185 186 187 187 187 187 188 187 187 187 188 189 189 189 189 135
 184 183 184 184 184 185 186 186 185 185 187 187 187 187 182  93
 181 182 181 181 181 182 183 183 183 183 185 186 186 185 151  82
 180 179 179 179 180 180 181 181 181 180 182 184 183 183 111  79
 177 177 177 177 178 178 179 179 179 179 180 181 180 171  88  78
 153 175 175 176 177 178 178 177 178 177 178 179 178 132  78  76
  93 163 174 175 175 175 176 176 176 176 176 177 175  96  78  76
 190 190 190 194 195 199 196 197 194 185 131  89 144 115 120 192
 189 187 190 140  60  43  72 156 194 194 192 186 124  96  99 165
 187 193 128  32  29  30  30  41 164 192 191 191 191 152  84  97
 199 193  49  29  29  33 150 183 112 191 190 190 191 191 165  69
 189 180  34  28  29  34 163 185  98 190 190 190 190 189 191 141
 188 182  50  27  25  25  36  53  89 187 187 188 189 188 190 189
 185 185 131  28  25  26  26  40 157 186 187 186 187 186 187 188
 183 184 183 136  68  50  85 158 185 185 185 187 186 187 187 185
 183 183 182 184 183 184 182 184 183 184 185 184 185 186 185 188
 182 183 182 182 183 183 183 183 181 181 183 184 184 185 185 174
 179 180 179 181 181 182 181 182 182 183 182 183 183 184 185 176
 180 180 179 180 179 179 180 181 179 179 180 181 182 181 171 177
 178 176 177 178 177 178 178 179 179 178 180 180 180 180 172 175
 175 176 176 176 177 177 177 177 178 176 178 179 179 175 172 175
 176 176 175 176 176 176 176 175 176 176 177 177 177 171 173 173
 173 176 174 175 175 175 175 176 175 174 175 176 175 167 172 172

